OrderedDict([('backbone.first_stage.0.conv1.weight', tensor([[[[ 0.0101, -0.0093,  0.0029],
          [ 0.0399,  0.0327,  0.0311],
          [ 0.0286,  0.0259,  0.0482]],

         [[ 0.0060, -0.0108, -0.0043],
          [ 0.0369,  0.0191,  0.0256],
          [ 0.0364,  0.0275,  0.0342]],

         [[-0.0806, -0.0855, -0.0765],
          [-0.0623, -0.0692, -0.0599],
          [-0.0653, -0.0664, -0.0567]]],


        [[[ 0.0513,  0.0547,  0.0526],
          [ 0.0561,  0.0550,  0.0559],
          [ 0.0513,  0.0531,  0.0578]],

         [[ 0.0230,  0.0303,  0.0087],
          [ 0.0329,  0.0286,  0.0197],
          [ 0.0249,  0.0248,  0.0267]],

         [[-0.0269, -0.0219, -0.0472],
          [-0.0226, -0.0263, -0.0293],
          [-0.0263, -0.0239, -0.0245]]],


        [[[-0.0787, -0.0335, -0.0468],
          [-0.0739, -0.0193, -0.0236],
          [-0.0597, -0.0300, -0.0279]],

         [[-0.0455,  0.0152, -0.0072],
          [-0.0336,  0.0401,  0.0234],
          [-0.0264,  0.0102,  0.0180]],

         [[-0.0447,  0.0005, -0.0119],
          [-0.0328,  0.0111,  0.0075],
          [-0.0345, -0.0010,  0.0030]]],


        ...,


        [[[-0.0308, -0.0303, -0.0355],
          [-0.0438, -0.0454, -0.0486],
          [-0.0461, -0.0493, -0.0524]],

         [[-0.0262, -0.0231, -0.0295],
          [-0.0340, -0.0369, -0.0407],
          [-0.0332, -0.0369, -0.0432]],

         [[ 0.0319,  0.0358,  0.0240],
          [ 0.0267,  0.0241,  0.0201],
          [ 0.0268,  0.0199,  0.0157]]],


        [[[-0.0486, -0.0374, -0.0247],
          [-0.0471, -0.0454, -0.0257],
          [-0.0383, -0.0538, -0.0247]],

         [[-0.0356, -0.0200,  0.0003],
          [-0.0336, -0.0314,  0.0024],
          [-0.0156, -0.0198,  0.0061]],

         [[ 0.0706,  0.0761,  0.0779],
          [ 0.0709,  0.0704,  0.0804],
          [ 0.0773,  0.0728,  0.0797]]],


        [[[ 0.0482,  0.0502,  0.0348],
          [ 0.0539,  0.0441,  0.0478],
          [ 0.0371,  0.0242,  0.0344]],

         [[ 0.0268,  0.0454,  0.0299],
          [ 0.0378,  0.0273,  0.0435],
          [ 0.0404,  0.0187,  0.0210]],

         [[-0.0146,  0.0055,  0.0106],
          [-0.0169, -0.0289, -0.0125],
          [-0.0326, -0.0497, -0.0320]]]], device='cuda:0')), ('backbone.first_stage.0.conv2.weight', tensor([[[[-9.0825e-04, -2.1099e-03, -3.8508e-03],
          [-5.1520e-03, -4.8434e-03, -4.4776e-03],
          [ 1.3377e-04, -2.6828e-03, -2.8313e-03]],

         [[ 1.7474e-02,  2.5943e-02,  2.9935e-02],
          [ 2.8855e-02,  2.6607e-02,  3.0407e-02],
          [ 2.2686e-02,  2.3108e-02,  2.9935e-02]],

         [[-3.7247e-03, -3.4820e-03, -1.3498e-03],
          [-4.1645e-03, -1.7633e-03, -1.1471e-03],
          [-2.4455e-03, -1.3217e-03,  1.3596e-04]],

         ...,

         [[-4.9948e-04, -2.5117e-04, -2.5065e-04],
          [-4.7975e-04, -2.5012e-04, -1.5171e-04],
          [ 8.1967e-04,  2.8638e-03,  2.1424e-03]],

         [[ 1.1475e-02,  7.8352e-03,  9.1582e-03],
          [ 8.6708e-03,  7.7295e-03,  9.7139e-03],
          [ 7.0892e-03,  5.6907e-03,  7.3026e-03]],

         [[ 3.5978e-02,  3.4944e-02,  3.6685e-02],
          [ 2.6576e-02,  3.6681e-02,  3.9598e-02],
          [ 2.0880e-02,  1.9981e-02,  2.3883e-02]]],


        [[[-1.8956e-05,  1.9345e-05, -3.2844e-05],
          [ 3.3936e-06,  1.0318e-05, -1.6505e-04],
          [ 9.3408e-05,  6.2135e-05,  3.5206e-05]],

         [[ 6.2825e-04,  3.3879e-04, -3.8897e-05],
          [ 3.1482e-03,  9.5373e-04,  9.1234e-04],
          [ 3.8300e-03,  1.3270e-03,  4.4618e-04]],

         [[-2.8437e-05, -6.6750e-05, -4.0051e-04],
          [-2.5970e-05, -6.8293e-05, -2.2491e-04],
          [ 4.7692e-04, -1.0304e-04, -6.8289e-04]],

         ...,

         [[-3.5706e-06, -3.9951e-04, -2.4344e-03],
          [ 5.0564e-07, -8.7925e-06, -3.9646e-05],
          [-1.2085e-04, -2.1825e-04, -1.5380e-03]],

         [[-1.2733e-03, -4.9241e-04, -3.7435e-04],
          [-3.8617e-04, -7.7727e-04, -1.2833e-03],
          [ 9.8037e-04, -4.1744e-04, -6.4369e-04]],

         [[-1.7125e-05,  1.8382e-04,  7.0111e-04],
          [ 3.8904e-06,  4.7060e-06,  2.2937e-04],
          [ 1.2148e-05,  2.5740e-05,  3.5951e-05]]],


        [[[-8.0722e-03, -5.4434e-03, -1.4466e-02],
          [-3.2130e-03, -2.1066e-03, -3.6180e-05],
          [-5.0415e-03, -5.6202e-03, -6.6555e-03]],

         [[-1.5593e-02, -8.7442e-03, -1.4064e-02],
          [-1.2369e-02, -8.0114e-03, -1.3172e-02],
          [-2.2001e-02, -4.6623e-03, -1.1057e-02]],

         [[-2.4239e-02, -1.2028e-02,  1.7006e-02],
          [-2.1365e-02, -1.2686e-02,  1.7004e-02],
          [-2.1333e-02, -2.6992e-02,  9.6002e-03]],

         ...,

         [[-3.6674e-03,  1.8917e-05,  3.1081e-04],
          [-2.3449e-03, -6.5954e-04,  4.1050e-04],
          [-4.9251e-03, -1.7505e-03, -1.7758e-04]],

         [[-1.3105e-03,  1.0069e-02,  2.3571e-02],
          [-1.1516e-02,  8.4966e-03,  4.4317e-02],
          [-1.2076e-02,  8.3574e-03,  2.5765e-02]],

         [[ 5.8269e-04,  3.1695e-03,  3.4605e-03],
          [-3.9000e-03, -6.1111e-03, -5.7093e-03],
          [-1.6439e-02,  5.0923e-03,  3.2380e-03]]],


        ...,


        [[[ 2.6357e-03,  7.8481e-03,  1.4406e-03],
          [ 2.9953e-03,  1.1349e-02, -9.3248e-04],
          [-3.0709e-03, -3.4220e-03, -1.0441e-02]],

         [[-9.3632e-03, -5.5412e-03, -2.3589e-03],
          [ 3.6301e-04,  3.6435e-04, -6.9370e-04],
          [ 9.6302e-03,  5.4352e-03,  9.4919e-04]],

         [[-1.5310e-03,  1.3317e-02,  3.1311e-02],
          [-1.2565e-02,  3.6165e-03,  1.0393e-02],
          [ 4.3202e-03,  1.8483e-03,  5.4889e-03]],

         ...,

         [[-1.2233e-03,  1.0434e-03,  2.7762e-03],
          [-1.8370e-03, -9.2732e-04, -9.8015e-04],
          [-9.5564e-04, -9.4223e-04, -1.7480e-03]],

         [[-2.7308e-02, -1.9484e-02, -1.3205e-02],
          [-2.4314e-02, -3.0201e-02, -2.1869e-02],
          [-2.5481e-02, -2.9783e-02, -2.3634e-02]],

         [[-1.4079e-02, -1.2696e-02, -7.5965e-03],
          [-9.0646e-03, -6.8855e-03,  1.6184e-03],
          [-2.4352e-03, -8.3409e-04, -6.1834e-03]]],


        [[[ 3.5812e-02,  3.5602e-02,  2.0501e-02],
          [ 3.4621e-02,  3.2809e-02,  2.2548e-02],
          [ 3.5340e-02,  3.4108e-02,  3.2501e-02]],

         [[-3.4476e-02, -4.9119e-02, -3.5120e-02],
          [-3.2612e-02, -3.4270e-02, -3.4057e-02],
          [-3.4402e-02, -3.3723e-02, -3.1630e-02]],

         [[ 1.9952e-02,  2.1086e-02,  3.0225e-02],
          [ 2.0963e-02,  3.0247e-02,  3.1254e-02],
          [ 1.8257e-02,  2.7340e-02,  2.5370e-02]],

         ...,

         [[ 2.0428e-02,  3.1880e-02,  3.1077e-02],
          [ 1.8354e-02,  1.7659e-02,  1.7690e-02],
          [ 2.1927e-02,  2.1591e-02,  2.9933e-02]],

         [[-3.5805e-02, -5.1542e-02, -5.1647e-02],
          [-5.1733e-02, -5.1112e-02, -4.8599e-02],
          [-3.7357e-02, -5.2527e-02, -5.1989e-02]],

         [[ 4.7433e-02,  5.0382e-02,  3.5210e-02],
          [ 4.8413e-02,  4.9983e-02,  3.4329e-02],
          [ 4.7166e-02,  4.6395e-02,  3.3186e-02]]],


        [[[-2.3038e-02, -3.4269e-02, -3.4394e-02],
          [-2.3158e-02, -2.6128e-02, -3.7609e-02],
          [-3.3775e-02, -2.8832e-02, -3.3481e-02]],

         [[ 1.1877e-02, -1.1874e-03,  7.0209e-03],
          [ 1.9405e-02,  7.3269e-03,  8.5850e-03],
          [ 1.8718e-02,  8.3333e-03,  1.3821e-02]],

         [[-9.8387e-03, -2.4065e-02, -1.6874e-02],
          [-1.2307e-02, -1.9062e-02, -2.3831e-02],
          [ 2.8081e-03, -9.4887e-03, -1.4992e-02]],

         ...,

         [[-1.8023e-03, -6.1328e-03, -7.7966e-03],
          [-1.0322e-02, -1.0547e-02, -1.4204e-02],
          [-3.3512e-03, -6.0830e-03, -7.6523e-03]],

         [[-2.9703e-02, -3.0680e-02, -3.5603e-02],
          [-2.1525e-02, -1.8263e-02, -4.0807e-02],
          [ 4.4809e-03, -2.5157e-03, -1.5482e-02]],

         [[ 1.8685e-02,  9.4930e-04,  8.5314e-03],
          [ 2.0574e-02,  4.6361e-03,  6.5291e-03],
          [ 2.1838e-02,  1.0355e-02,  1.2179e-02]]]], device='cuda:0')), ('backbone.first_stage.0.BN1.weight', tensor([0.2998, 0.2215, 0.3768, 0.4195, 0.3452, 0.1286, 0.2266, 0.2379, 0.2271,
        0.3002, 0.2330, 0.2666, 0.1961, 0.3442, 0.0346, 0.4320, 0.0409, 0.2601,
        0.0595, 0.3596, 0.0248, 0.1338, 0.5737, 0.4923, 0.0012, 0.1360, 0.3143,
        0.4170, 0.2103, 0.1730, 0.3266, 0.3046, 0.3318, 0.1833, 0.1320, 0.1463,
        0.0574, 0.3628, 0.1338, 0.0942, 0.3692, 0.3248, 0.4197, 0.2295, 0.2145,
        0.3751, 0.0553, 0.3665, 0.2830, 0.5863, 0.5251, 0.0301, 0.1752, 0.3352,
        0.0251, 0.2683, 0.0372, 0.4393, 0.3510, 0.3752, 0.0961, 0.0391, 0.4474,
        0.3419], device='cuda:0')), ('backbone.first_stage.0.BN1.bias', tensor([-0.0981, -0.0543,  0.0127, -0.1021, -0.0439, -0.0695, -0.0196, -0.0225,
         0.0006, -0.0212, -0.0102, -0.0092, -0.0140, -0.0332, -0.0047, -0.0707,
        -0.0002, -0.1235, -0.0150,  0.0540,  0.0033, -0.0038, -0.0795, -0.0207,
        -0.0128, -0.0136, -0.0196, -0.0210,  0.0151, -0.0287, -0.0679, -0.0661,
        -0.0627,  0.0026, -0.0184, -0.0360,  0.0259, -0.0358,  0.0040, -0.0198,
        -0.0321,  0.0154,  0.0195, -0.0444,  0.0256, -0.0586,  0.0254,  0.0234,
        -0.0024,  0.0187, -0.0351,  0.0031, -0.0164, -0.0179,  0.0131,  0.0179,
        -0.0095,  0.0367, -0.0533, -0.0044, -0.0154,  0.0099, -0.1254,  0.0174],
       device='cuda:0')), ('backbone.first_stage.0.BN2.weight', tensor([0.0523, 0.0102, 0.1436, 0.1814, 0.0841, 0.1973, 0.0984, 0.1265, 0.4113,
        0.1582, 0.0421, 0.0072, 0.0430, 0.0428, 0.1555, 0.2551, 0.0383, 0.0865,
        0.1554, 0.5061, 0.4172, 0.3698, 0.2697, 0.1405, 0.2277, 0.5048, 0.2491,
        0.0030, 0.4507, 0.0134, 0.1464, 0.0848, 0.1918, 0.2700, 0.1933, 0.0482,
        0.3775, 0.3147, 0.1797, 0.2455, 0.0752, 0.1106, 0.1845, 0.0117, 0.3041,
        0.1282, 0.0631, 0.1725, 0.1573, 0.3145, 0.1024, 0.2113, 0.1902, 0.3025,
        0.1358, 0.1153, 0.1096, 0.3462, 0.2336, 0.0482, 0.1268, 0.1115, 0.1314,
        0.1851], device='cuda:0')), ('backbone.first_stage.0.BN2.bias', tensor([-0.0208, -0.0362,  0.0186, -0.0689,  0.0073, -0.0409, -0.0565,  0.0318,
        -0.0381, -0.0251, -0.0309, -0.0294, -0.0086, -0.0091, -0.0344, -0.0230,
         0.0281, -0.0456, -0.0280, -0.0938, -0.1436, -0.1599,  0.0245, -0.0159,
        -0.0280, -0.0924, -0.0454, -0.0242, -0.1802,  0.0199,  0.0287, -0.0683,
        -0.0872, -0.0935, -0.0356, -0.0299, -0.1092, -0.1057, -0.0673, -0.0364,
        -0.0528, -0.0346, -0.0274, -0.0436, -0.0678,  0.0105,  0.0119, -0.0561,
        -0.0378, -0.0663, -0.0516, -0.0143, -0.0763, -0.0633, -0.0772, -0.0050,
        -0.0269, -0.0781, -0.0200, -0.0145, -0.0604, -0.0113, -0.0160,  0.0285],
       device='cuda:0')), ('backbone.first_stage.1.conv1.weight', tensor([[[[ 0.0383]],

         [[-0.0180]],

         [[ 0.0480]],

         ...,

         [[-0.0251]],

         [[ 0.0362]],

         [[-0.0303]]],


        [[[ 0.0505]],

         [[ 0.0511]],

         [[ 0.0035]],

         ...,

         [[-0.0236]],

         [[ 0.0333]],

         [[ 0.0479]]],


        [[[ 0.0277]],

         [[-0.0365]],

         [[-0.1132]],

         ...,

         [[-0.0636]],

         [[ 0.0549]],

         [[ 0.0385]]],


        ...,


        [[[ 0.0118]],

         [[ 0.0045]],

         [[ 0.0235]],

         ...,

         [[ 0.0597]],

         [[-0.0317]],

         [[ 0.0496]]],


        [[[ 0.0378]],

         [[ 0.0374]],

         [[ 0.0408]],

         ...,

         [[ 0.0202]],

         [[-0.0626]],

         [[ 0.0538]]],


        [[[-0.0201]],

         [[-0.0568]],

         [[-0.0415]],

         ...,

         [[ 0.0408]],

         [[ 0.0179]],

         [[ 0.0571]]]], device='cuda:0')), ('backbone.first_stage.1.conv2.weight', tensor([[[[ 1.1051e-02,  8.6437e-03,  2.5646e-04],
          [ 1.8039e-02,  6.5344e-03,  8.7403e-03],
          [ 1.7646e-02,  2.2920e-03,  9.8556e-03]],

         [[-1.2925e-02, -1.1796e-02, -4.8416e-03],
          [-8.0754e-03, -1.6376e-02,  6.3313e-03],
          [ 2.9326e-03, -1.1255e-02,  2.2050e-03]],

         [[ 9.5045e-04,  1.9053e-02,  4.8929e-02],
          [-2.4084e-03,  1.3481e-02,  6.7546e-02],
          [ 2.7436e-02,  5.3874e-03,  5.3586e-02]],

         ...,

         [[ 6.1153e-03,  8.6229e-03,  7.7222e-03],
          [ 1.1014e-02,  8.4505e-03,  2.1043e-02],
          [ 9.5156e-03,  5.9328e-03,  1.4553e-02]],

         [[ 1.9897e-02,  7.1122e-02,  4.9020e-02],
          [ 2.0750e-02,  5.9957e-03,  2.4383e-02],
          [-2.8124e-02, -5.4908e-02,  2.6723e-03]],

         [[-5.8240e-03,  2.0900e-03,  4.6596e-03],
          [-2.1322e-03,  4.3767e-03,  5.3817e-03],
          [ 4.9473e-03,  6.5756e-03,  9.7079e-03]]],


        [[[-3.3853e-03, -8.2315e-03, -1.0034e-02],
          [-4.1678e-03,  2.1998e-03, -5.3355e-03],
          [-8.2777e-03, -2.2220e-03, -3.3818e-03]],

         [[ 4.0430e-02,  1.4789e-02,  5.8511e-03],
          [ 3.6145e-02,  2.6764e-02,  8.0891e-03],
          [ 2.1192e-02,  1.6941e-02,  1.7487e-02]],

         [[ 9.5509e-03,  1.6309e-03,  1.0680e-02],
          [ 1.0620e-02,  5.9867e-03, -7.6956e-03],
          [ 1.4796e-02,  2.4873e-03, -1.9959e-02]],

         ...,

         [[-2.9975e-02, -3.0400e-02, -3.3918e-02],
          [-3.0264e-02, -2.9418e-02, -3.3292e-02],
          [-2.3394e-02, -2.5266e-02, -2.2622e-02]],

         [[-2.4004e-02, -5.4704e-02, -2.0527e-02],
          [-2.0534e-02, -2.6769e-02,  3.5630e-03],
          [-1.2357e-02, -3.5132e-02, -2.4199e-02]],

         [[-3.8089e-02, -3.9219e-02, -2.5346e-02],
          [-2.3118e-02, -2.5540e-02, -2.3634e-02],
          [-1.8438e-02, -2.0137e-02, -1.5393e-02]]],


        [[[-2.4149e-03, -9.1447e-03, -5.6151e-03],
          [ 1.1151e-05, -8.3453e-06, -3.4487e-04],
          [ 3.9542e-05,  4.9879e-04, -1.2948e-03]],

         [[ 9.1499e-03,  7.1681e-03,  1.0989e-02],
          [ 5.8325e-03,  1.9039e-03,  5.3966e-03],
          [ 5.3398e-03, -2.8453e-04,  7.1604e-03]],

         [[-8.1443e-03, -9.1524e-03, -1.4762e-02],
          [-6.3776e-03, -5.6537e-03, -9.7230e-03],
          [-3.4661e-03, -1.6657e-03, -2.7794e-03]],

         ...,

         [[ 2.6441e-03, -1.4863e-04,  2.9094e-04],
          [ 1.6789e-03, -2.6488e-03, -2.8362e-03],
          [ 1.1623e-03, -1.3899e-03, -8.6130e-04]],

         [[-9.2290e-03, -1.2548e-02, -8.5062e-03],
          [-1.2180e-03,  5.3686e-03, -8.5042e-03],
          [ 2.7635e-03,  8.2832e-03,  3.7258e-04]],

         [[-7.6984e-03, -7.7103e-03, -1.0940e-03],
          [-2.7294e-03, -3.0422e-03, -2.2173e-03],
          [-1.1512e-03, -1.1894e-03, -1.8243e-03]]],


        ...,


        [[[ 1.9200e-02,  1.3525e-02,  1.8520e-02],
          [ 5.9137e-03,  6.2687e-03,  7.2978e-03],
          [ 5.2694e-03,  8.3421e-03,  2.0615e-02]],

         [[ 1.9330e-03, -2.3516e-02, -2.0608e-02],
          [ 5.0260e-03, -1.4523e-02, -4.5447e-03],
          [-7.4827e-03, -7.3852e-03,  3.9551e-03]],

         [[ 1.1273e-02,  1.7419e-02,  1.5046e-02],
          [ 1.1062e-02,  3.5086e-02,  1.8884e-02],
          [ 1.2011e-02,  2.0979e-02,  1.6272e-02]],

         ...,

         [[ 1.2663e-02,  1.1761e-02,  8.4509e-03],
          [ 1.9716e-02,  7.5508e-03,  2.9994e-03],
          [ 1.1738e-02, -1.3394e-03,  6.6498e-03]],

         [[-2.9190e-02,  9.2418e-03, -8.1576e-03],
          [-2.0584e-02, -1.2486e-03,  3.8592e-03],
          [-6.1422e-03, -8.1991e-03, -1.1347e-04]],

         [[ 2.4366e-02,  1.8093e-02,  2.3319e-02],
          [ 8.9365e-03,  8.2459e-03,  1.4805e-02],
          [-2.3640e-03,  5.5974e-03,  1.2922e-02]]],


        [[[ 3.0738e-02,  3.1984e-02,  2.9453e-02],
          [ 3.0989e-02,  4.8794e-02,  4.8602e-02],
          [ 3.3655e-02,  4.6789e-02,  3.4429e-02]],

         [[ 4.8422e-02,  5.0353e-02,  4.9694e-02],
          [ 3.9162e-02,  4.4034e-02,  4.4816e-02],
          [ 3.7363e-02,  4.3106e-02,  4.3701e-02]],

         [[-2.6025e-02, -3.2601e-02, -3.0793e-02],
          [ 8.0133e-03, -1.9814e-02, -1.5243e-02],
          [ 1.3442e-02, -2.3536e-02, -2.4038e-02]],

         ...,

         [[-1.1986e-02, -5.9239e-03,  7.3119e-03],
          [-1.3042e-02, -2.5984e-03,  6.3853e-03],
          [-1.0290e-02,  2.9318e-03,  9.3864e-03]],

         [[-3.8929e-02,  1.7289e-02, -1.2450e-02],
          [-8.7834e-03,  1.5650e-02,  3.2480e-02],
          [-1.1245e-02,  1.6135e-02,  1.8879e-03]],

         [[ 3.0076e-02,  3.2820e-02,  3.2315e-02],
          [ 4.2835e-02,  4.6348e-02,  3.3096e-02],
          [ 4.2050e-02,  4.3277e-02,  4.6845e-02]]],


        [[[ 1.3201e-02,  1.4618e-02,  1.4796e-02],
          [ 9.0431e-04,  3.1022e-03,  1.6253e-03],
          [ 3.6373e-04,  1.6802e-03,  1.5721e-03]],

         [[ 5.4306e-03,  1.0791e-02,  1.0684e-02],
          [-5.2946e-03, -3.2813e-03,  1.3197e-03],
          [-3.6470e-03, -9.7574e-03, -4.8965e-03]],

         [[ 2.7117e-02,  1.9548e-02,  1.8497e-02],
          [ 1.6965e-02,  8.1396e-03,  9.0773e-07],
          [ 2.4650e-02,  2.1237e-02,  1.2117e-02]],

         ...,

         [[-1.5211e-02, -9.0176e-03, -4.3703e-03],
          [-3.7739e-03, -6.2518e-04, -6.8589e-03],
          [-2.0330e-02, -1.5786e-02, -1.9113e-02]],

         [[-2.6707e-02, -3.0188e-02, -3.8297e-02],
          [-1.0903e-02, -1.6252e-02, -1.5716e-02],
          [-7.9840e-03, -7.0053e-03, -9.2246e-03]],

         [[ 2.2337e-03, -1.1367e-03,  1.2083e-04],
          [ 3.0563e-03,  1.0610e-03,  1.4881e-03],
          [-1.1026e-03, -5.7986e-03, -8.7600e-03]]]], device='cuda:0')), ('backbone.first_stage.1.conv3.weight', tensor([[[[-0.0233]],

         [[ 0.0136]],

         [[ 0.0098]],

         ...,

         [[ 0.0160]],

         [[ 0.0457]],

         [[-0.0235]]],


        [[[-0.0604]],

         [[-0.0544]],

         [[ 0.0201]],

         ...,

         [[ 0.0388]],

         [[ 0.0603]],

         [[ 0.0026]]],


        [[[ 0.0397]],

         [[ 0.0470]],

         [[-0.0348]],

         ...,

         [[-0.0384]],

         [[ 0.0425]],

         [[-0.0283]]],


        ...,


        [[[-0.0029]],

         [[-0.0148]],

         [[ 0.0037]],

         ...,

         [[ 0.0236]],

         [[ 0.0369]],

         [[ 0.0270]]],


        [[[ 0.0592]],

         [[-0.0666]],

         [[ 0.0355]],

         ...,

         [[ 0.0438]],

         [[-0.0222]],

         [[ 0.0286]]],


        [[[ 0.0193]],

         [[-0.0535]],

         [[-0.0261]],

         ...,

         [[-0.0691]],

         [[-0.0192]],

         [[ 0.0068]]]], device='cuda:0')), ('backbone.first_stage.1.BN1.weight', tensor([ 0.1049,  0.1907,  0.3680,  0.2743,  0.1659,  0.0335,  0.0475,  0.0555,
         0.0480,  0.0439,  0.0659,  0.0858,  0.3878,  0.2801,  0.0012,  0.0596,
         0.2431,  0.1111,  0.1629,  0.1213,  0.1049,  0.0284,  0.0556,  0.0952,
         0.1359,  0.0344,  0.0441,  0.2886,  0.0824,  0.1058,  0.3246,  0.1408,
         0.0193,  0.1023,  0.0803,  0.0255,  0.0143,  0.0813,  0.1590,  0.0734,
         0.3935,  0.0280,  0.1393,  0.0543,  0.0849,  0.0480,  0.0738,  0.0876,
         0.3475,  0.0487,  0.0683,  0.2719,  0.0190,  0.0045,  0.1054,  0.1774,
         0.0713,  0.0531, -0.0098,  0.2429,  0.3494,  0.0589,  0.3774,  0.1047],
       device='cuda:0')), ('backbone.first_stage.1.BN1.bias', tensor([-0.0606, -0.0303,  0.0205, -0.0319, -0.0098, -0.0235, -0.0112, -0.0236,
        -0.0282, -0.0158,  0.0116, -0.0104, -0.1762,  0.0194, -0.0114, -0.0242,
        -0.0567, -0.0484, -0.0604,  0.0130, -0.0153, -0.0056,  0.0101,  0.0085,
         0.0014, -0.0237, -0.0216, -0.0139, -0.0521, -0.0247, -0.0767, -0.0454,
         0.0002, -0.0305, -0.0206, -0.0188, -0.0044, -0.0319, -0.0339,  0.0070,
        -0.0773,  0.0101, -0.0529,  0.0193, -0.0036, -0.0237,  0.0370, -0.0015,
        -0.0269, -0.0390, -0.0090, -0.0855,  0.0084,  0.0196, -0.0324, -0.0694,
        -0.0419, -0.0302, -0.0229, -0.0570, -0.0350, -0.0044,  0.0326,  0.0448],
       device='cuda:0')), ('backbone.first_stage.1.BN2.weight', tensor([ 0.2041,  0.1329,  0.0466,  0.2683,  0.1164,  0.2401,  0.0541,  0.1859,
         0.2585,  0.0919,  0.0238,  0.1425,  0.3988,  0.1624,  0.2103,  0.2402,
         0.1798,  0.1123,  0.2210,  0.0292,  0.0884,  0.1603,  0.1174,  0.2297,
         0.0885,  0.3202,  0.0703,  0.2208,  0.0487,  0.0815,  0.0868,  0.2227,
         0.0999,  0.3838,  0.1473,  0.1876,  0.2454,  0.0524,  0.1498,  0.0133,
         0.1548,  0.0371, -0.0039,  0.0768,  0.0708,  0.0951,  0.0665,  0.0522,
         0.2800,  0.2870,  0.0252,  0.1613,  0.2496,  0.0925,  0.1546,  0.0354,
         0.1105,  0.1888,  0.1525,  0.1885,  0.1107,  0.1792,  0.3001,  0.0811],
       device='cuda:0')), ('backbone.first_stage.1.BN2.bias', tensor([-0.0114, -0.0106, -0.0161, -0.0264, -0.0371, -0.0441,  0.0256, -0.0163,
        -0.0770,  0.0126,  0.0378,  0.0344, -0.1012, -0.0692, -0.0146,  0.0044,
         0.0047,  0.0480, -0.0104, -0.0530, -0.0087,  0.0158,  0.0638, -0.0133,
        -0.0221, -0.0457,  0.0303, -0.0279, -0.0176, -0.0167, -0.0147, -0.1132,
        -0.0014, -0.0663, -0.0104, -0.0774, -0.0368,  0.0614, -0.0224, -0.0384,
        -0.0317,  0.0129,  0.0250, -0.0452,  0.0337, -0.0024, -0.0432,  0.0565,
         0.0038, -0.0584, -0.0144, -0.0286, -0.0252,  0.0146, -0.0504,  0.0002,
        -0.0200, -0.0540, -0.0380, -0.0567,  0.0008, -0.0207,  0.0431,  0.0254],
       device='cuda:0')), ('backbone.first_stage.1.BN3.weight', tensor([ 0.0615,  0.0652,  0.0693,  0.1380,  0.0433,  0.1380,  0.0233,  0.1361,
         0.0693,  0.0486,  0.1426,  0.1805,  0.1145,  0.1774, -0.0243,  0.2001,
         0.0569,  0.0819,  0.0461,  0.1718,  0.0536,  0.0612,  0.1062,  0.0545,
         0.0857,  0.0460,  0.2114,  0.0104,  0.2213,  0.0995,  0.0850,  0.1122,
         0.0982,  0.0471,  0.3186,  0.0873,  0.1414,  0.2117,  0.0436,  0.0686,
         0.0532,  0.1513,  0.1103,  0.1060,  0.0346,  0.0921,  0.2152,  0.1236,
         0.1800,  0.1890,  0.0328,  0.0239,  0.2433,  0.0907,  0.0694,  0.0572,
         0.0878,  0.1936,  0.1056,  0.1346,  0.1679,  0.0715,  0.1227,  0.2475],
       device='cuda:0')), ('backbone.first_stage.1.BN3.bias', tensor([ 0.0820, -0.0154, -0.0891, -0.0331, -0.0116, -0.0373,  0.0118, -0.0079,
        -0.1042, -0.0962, -0.0342, -0.0924,  0.0261, -0.0802, -0.0630, -0.0410,
        -0.0025,  0.0914,  0.0154, -0.0703, -0.0872, -0.1109, -0.1092,  0.0242,
         0.0072, -0.1249, -0.1118,  0.0104, -0.0384, -0.0182,  0.1232,  0.0258,
         0.0319, -0.0984, -0.0735,  0.0385, -0.1262, -0.2195, -0.0371, -0.0881,
        -0.0337, -0.0402,  0.0349, -0.0125, -0.1036, -0.0263, -0.0198, -0.0648,
         0.0057, -0.0786,  0.0422, -0.0563, -0.0817, -0.0552, -0.0080, -0.0310,
        -0.0272,  0.0314, -0.0587, -0.0194,  0.0204, -0.0495,  0.0207,  0.0186],
       device='cuda:0')), ('backbone.first_stage.2.conv1.weight', tensor([[[[-0.0199]],

         [[-0.0280]],

         [[ 0.0259]],

         ...,

         [[-0.0471]],

         [[-0.0048]],

         [[-0.0338]]],


        [[[-0.0207]],

         [[-0.0385]],

         [[-0.0286]],

         ...,

         [[-0.0001]],

         [[ 0.0262]],

         [[ 0.0023]]],


        [[[ 0.0418]],

         [[ 0.0182]],

         [[ 0.0257]],

         ...,

         [[-0.0037]],

         [[ 0.0149]],

         [[ 0.0112]]],


        ...,


        [[[-0.0358]],

         [[-0.0301]],

         [[-0.0159]],

         ...,

         [[-0.0020]],

         [[ 0.0100]],

         [[ 0.0003]]],


        [[[-0.0611]],

         [[-0.0344]],

         [[-0.0564]],

         ...,

         [[ 0.0013]],

         [[ 0.0252]],

         [[ 0.0607]]],


        [[[ 0.0215]],

         [[ 0.0065]],

         [[ 0.0508]],

         ...,

         [[-0.0277]],

         [[-0.0324]],

         [[-0.0172]]]], device='cuda:0')), ('backbone.first_stage.2.conv2.weight', tensor([[[[-2.1618e-02, -2.4607e-02, -2.1912e-02],
          [-2.0285e-02, -2.3111e-02, -1.4125e-02],
          [-9.9168e-03, -1.3101e-02, -1.3068e-02]],

         [[ 9.6340e-05,  3.2991e-03,  8.3022e-04],
          [ 3.0674e-04,  7.2948e-04,  4.8966e-05],
          [ 5.1345e-05,  6.7887e-04,  1.1937e-03]],

         [[ 4.1431e-03, -2.6090e-03, -2.3621e-03],
          [ 5.0984e-03,  2.3764e-03,  6.9118e-03],
          [ 2.2091e-03, -2.0000e-03,  2.6614e-03]],

         ...,

         [[-1.8986e-03, -4.6110e-03, -4.6353e-03],
          [-8.2794e-03, -1.1600e-02, -1.0592e-02],
          [-4.3996e-03, -5.3720e-03, -6.1047e-03]],

         [[ 8.2824e-03,  5.3287e-03,  7.4818e-03],
          [ 8.2064e-03,  7.3238e-03,  1.2248e-02],
          [ 3.5689e-03,  9.3066e-03,  1.6639e-02]],

         [[-7.5600e-03, -1.2958e-02, -1.6100e-02],
          [-6.7487e-03, -7.9881e-03, -1.4281e-02],
          [-1.3412e-02, -1.2578e-02, -1.3349e-02]]],


        [[[ 1.4236e-02,  1.2969e-02,  1.3516e-02],
          [ 8.0770e-03,  1.1461e-02,  1.4394e-02],
          [ 1.2046e-02,  1.8473e-02,  2.3202e-02]],

         [[ 2.5542e-04, -7.7006e-04, -3.5213e-03],
          [ 6.5240e-04, -1.3222e-03, -6.6336e-04],
          [ 2.1552e-03,  1.5635e-03,  2.2933e-03]],

         [[-4.2469e-03,  6.6125e-04, -3.5144e-04],
          [-5.0556e-05,  3.9398e-03,  2.0226e-03],
          [-2.3645e-03,  3.2580e-03, -7.7597e-04]],

         ...,

         [[ 3.1414e-03,  2.2882e-03,  3.8416e-03],
          [ 3.0277e-03,  1.2306e-04,  1.9326e-03],
          [ 2.0015e-03,  1.5003e-03,  3.4099e-03]],

         [[ 1.3743e-02,  7.6045e-03,  1.1908e-02],
          [ 1.4234e-02,  6.9124e-03,  9.2928e-03],
          [ 2.4993e-02,  1.4537e-02,  1.8453e-02]],

         [[ 2.9942e-02,  1.1453e-02,  9.6872e-03],
          [ 6.0812e-03, -8.1630e-03, -5.3194e-03],
          [ 1.2354e-02, -2.1827e-04, -8.0056e-03]]],


        [[[ 6.7480e-03,  9.4058e-03,  3.2285e-03],
          [ 8.2188e-03,  1.0171e-02,  6.6157e-03],
          [ 1.5548e-02,  1.3189e-02,  1.7775e-02]],

         [[-2.7436e-02, -1.9415e-02, -1.7120e-02],
          [-2.5477e-02, -1.8488e-02, -2.1637e-02],
          [-1.4792e-02, -2.3477e-02, -1.5914e-02]],

         [[ 2.9442e-02,  3.4251e-02,  3.7208e-02],
          [ 2.2016e-02,  3.9642e-02,  4.0369e-02],
          [ 2.2265e-02,  3.9709e-02,  2.8646e-02]],

         ...,

         [[ 4.4725e-04,  3.6972e-04,  2.3927e-04],
          [ 5.2729e-04,  3.7241e-04,  2.7014e-04],
          [ 5.1865e-04,  1.1417e-05,  5.0914e-04]],

         [[ 2.5556e-03,  3.5093e-04,  1.3763e-03],
          [ 3.8139e-03,  8.0478e-04, -1.4274e-04],
          [ 4.2205e-03,  2.3981e-03,  2.3928e-03]],

         [[ 1.5177e-02,  3.3411e-02,  3.9740e-02],
          [ 2.7388e-02,  3.7550e-02,  2.8940e-02],
          [ 2.9887e-02,  3.8981e-02,  4.2957e-02]]],


        ...,


        [[[ 2.5390e-03,  2.4193e-03, -3.1867e-03],
          [ 3.6181e-03,  1.0067e-02,  2.6478e-03],
          [ 9.2459e-03,  1.0846e-02,  1.4689e-02]],

         [[-2.6622e-03, -2.9368e-04,  2.1008e-04],
          [-1.9371e-04,  6.1364e-03, -1.7485e-04],
          [-5.4119e-04,  1.1131e-02,  7.5180e-03]],

         [[-5.0657e-03, -8.9981e-03, -5.5801e-03],
          [-1.7628e-02, -2.0353e-02, -1.7173e-02],
          [-3.1324e-02, -2.2490e-02, -1.8037e-02]],

         ...,

         [[-6.4745e-05,  2.1381e-04,  4.4199e-05],
          [ 3.6378e-03,  3.1967e-03,  5.4767e-05],
          [ 1.4430e-04,  1.2544e-03, -8.5783e-06]],

         [[-1.0890e-02, -3.2426e-03,  4.5116e-03],
          [-1.7841e-02, -5.9992e-03, -6.7197e-05],
          [-4.8254e-03, -5.4245e-04, -1.5090e-03]],

         [[-8.5431e-03,  1.3780e-03,  4.3581e-03],
          [-2.1342e-02, -6.3406e-03, -4.9715e-03],
          [-2.0458e-02, -9.1789e-03, -2.8220e-03]]],


        [[[ 9.7116e-03, -1.3307e-03,  5.0072e-03],
          [ 5.4309e-03,  3.0115e-03,  3.2673e-03],
          [ 1.5569e-02,  1.4160e-02,  1.3054e-02]],

         [[ 4.9523e-03, -1.2693e-03,  1.2992e-04],
          [ 5.9871e-03,  7.4315e-03,  5.9840e-03],
          [ 8.0507e-03,  1.0592e-02,  7.1187e-03]],

         [[-1.7630e-02, -8.9722e-03, -2.7374e-04],
          [-1.1470e-02,  7.3914e-03,  1.1811e-02],
          [-8.8236e-03,  6.6544e-03,  1.0294e-02]],

         ...,

         [[-6.1615e-04,  4.4389e-04, -1.2243e-03],
          [-9.6565e-04, -2.2084e-03,  9.5929e-04],
          [ 2.7171e-03,  3.3055e-03,  4.1356e-03]],

         [[-2.5106e-02, -2.2925e-02, -8.1398e-03],
          [-2.1028e-02, -1.3927e-02, -3.8749e-03],
          [-6.0985e-03,  1.0635e-02,  1.3501e-02]],

         [[-1.3641e-02, -1.5515e-02,  4.6220e-03],
          [-1.1197e-02, -6.1380e-03,  8.1839e-03],
          [-1.5549e-02, -7.9566e-03,  1.1199e-02]]],


        [[[-1.8800e-03,  2.3456e-03, -1.4043e-03],
          [-2.7862e-03,  2.3896e-03,  3.1569e-03],
          [ 1.3097e-04,  5.6075e-03,  4.0138e-03]],

         [[ 1.3459e-02,  1.2461e-02,  1.1512e-02],
          [ 1.0967e-02,  1.3746e-02,  1.1116e-02],
          [ 2.0888e-02,  2.2290e-02,  1.6374e-02]],

         [[-9.4212e-03, -2.5492e-03, -8.3916e-04],
          [-1.3610e-02, -2.1982e-03,  2.0160e-03],
          [-1.4309e-02,  6.2526e-03,  5.8927e-03]],

         ...,

         [[ 2.2222e-03,  1.2070e-03,  8.2141e-04],
          [-1.2521e-04, -8.9282e-04, -1.1842e-03],
          [ 3.0554e-04, -2.7983e-04,  5.1380e-04]],

         [[ 8.7043e-04, -7.2141e-04, -4.2503e-03],
          [ 5.8261e-03,  8.6378e-04, -2.5193e-03],
          [ 1.0525e-02,  3.4656e-03,  3.9056e-03]],

         [[ 2.6486e-02,  1.1962e-02,  2.7900e-02],
          [ 9.2284e-03, -4.4836e-03,  1.5107e-02],
          [ 8.3576e-03, -8.5701e-04,  1.4856e-02]]]], device='cuda:0')), ('backbone.first_stage.2.conv3.weight', tensor([[[[-0.0349]],

         [[ 0.0113]],

         [[ 0.0115]],

         ...,

         [[ 0.0246]],

         [[ 0.0237]],

         [[ 0.0142]]],


        [[[ 0.0239]],

         [[ 0.0021]],

         [[ 0.0258]],

         ...,

         [[ 0.0420]],

         [[ 0.0528]],

         [[ 0.0369]]],


        [[[-0.0423]],

         [[ 0.0425]],

         [[-0.0371]],

         ...,

         [[-0.0170]],

         [[-0.0396]],

         [[ 0.0577]]],


        ...,


        [[[-0.0465]],

         [[-0.0274]],

         [[-0.0504]],

         ...,

         [[ 0.0201]],

         [[-0.0423]],

         [[ 0.0272]]],


        [[[-0.0374]],

         [[-0.0286]],

         [[-0.0066]],

         ...,

         [[-0.0046]],

         [[-0.0331]],

         [[ 0.0112]]],


        [[[-0.0567]],

         [[ 0.0581]],

         [[-0.0551]],

         ...,

         [[-0.0383]],

         [[-0.0263]],

         [[ 0.0484]]]], device='cuda:0')), ('backbone.first_stage.2.BN1.weight', tensor([ 9.1322e-02,  2.0934e-02,  6.8665e-02,  4.2414e-02,  3.2104e-02,
         9.8560e-02,  1.3141e-01,  4.9699e-02,  8.6972e-02,  4.2631e-02,
         4.8929e-02,  1.4839e-01,  1.0851e-01,  1.6613e-01,  9.4462e-02,
         2.8359e-01,  7.1672e-02,  7.5712e-02,  8.4834e-02,  2.0706e-02,
         7.3297e-03,  1.0374e-04,  8.1852e-02,  1.3774e-01,  3.2589e-02,
         3.0913e-02,  1.8605e-01,  2.0161e-01,  4.7863e-02,  8.1720e-02,
         5.1664e-02,  2.7054e-01,  1.0064e-01,  7.9463e-02,  2.2357e-01,
         1.8223e-01,  3.8419e-02,  2.4857e-01,  1.6495e-01,  4.9551e-02,
         1.7901e-01,  1.6034e-02,  1.3678e-01,  8.4844e-02,  1.2256e-03,
         7.3911e-02,  1.8579e-01,  2.6496e-02,  1.9537e-01,  1.4371e-01,
         3.3782e-02,  1.6346e-01,  8.8436e-02,  5.9522e-02, -2.1044e-03,
         2.6868e-04,  1.4413e-01,  6.2432e-03,  1.0338e-04,  5.8472e-02,
         4.0057e-02,  1.6308e-02,  8.8422e-02,  1.2724e-01], device='cuda:0')), ('backbone.first_stage.2.BN1.bias', tensor([ 1.7299e-02, -7.5730e-03, -3.0728e-03, -1.2851e-02, -1.6931e-02,
        -3.9836e-02, -1.7557e-02,  1.3836e-03, -2.9696e-02, -4.2319e-02,
        -2.2759e-02, -4.0164e-02, -2.7603e-02,  6.2546e-02,  6.8283e-02,
        -4.6038e-02, -1.6424e-02,  1.6344e-02,  1.2555e-02,  1.1231e-01,
         3.2211e-02, -5.5057e-03,  6.5314e-02, -3.0687e-02,  4.1005e-03,
        -4.7971e-03, -4.6396e-02, -1.5252e-01, -3.2891e-02,  5.3874e-02,
         2.5866e-02, -5.9663e-02,  4.5860e-02, -2.4907e-02, -8.1733e-02,
        -5.2403e-02, -4.3535e-03,  2.4061e-02, -1.6189e-02, -2.3724e-02,
        -3.0226e-03,  1.2545e-04,  4.7093e-02,  2.4622e-02, -1.5054e-02,
         1.2603e-02, -2.2883e-02,  9.8954e-04,  1.6609e-01,  3.4561e-02,
         2.0158e-04, -5.8003e-02,  1.3334e-02,  1.0124e-01, -1.9585e-02,
        -8.5407e-04,  3.8198e-02, -3.3080e-02, -6.7673e-03, -3.9052e-02,
         2.9422e-03,  9.9708e-03,  8.2339e-02,  1.4734e-02], device='cuda:0')), ('backbone.first_stage.2.BN2.weight', tensor([ 0.0890,  0.0979,  0.0498,  0.0953,  0.0878,  0.0637,  0.0672,  0.1668,
         0.1644,  0.0070,  0.0748,  0.2823,  0.0681,  0.0576,  0.0539,  0.0993,
         0.0916,  0.1952,  0.0714,  0.0334,  0.0535,  0.0950,  0.1907,  0.0220,
         0.0011,  0.0636,  0.2013,  0.1225,  0.0627,  0.0479,  0.1541,  0.0403,
        -0.0169,  0.0138,  0.0465,  0.1432,  0.0636,  0.4154,  0.0133,  0.0805,
         0.1209,  0.1372,  0.0386,  0.1104,  0.0567,  0.0393,  0.2177,  0.1259,
         0.0440,  0.0975,  0.0840,  0.0892,  0.0525,  0.0649,  0.0509,  0.1198,
         0.1205,  0.0913,  0.2267,  0.0695,  0.1091,  0.0740,  0.1880,  0.0763],
       device='cuda:0')), ('backbone.first_stage.2.BN2.bias', tensor([-0.0074, -0.0222,  0.0110, -0.0100, -0.0144,  0.0645, -0.0173,  0.0128,
         0.0218, -0.0138, -0.0184, -0.0015,  0.0318,  0.0311, -0.0230,  0.0258,
        -0.0027, -0.0446,  0.0305, -0.0178,  0.0540,  0.0158,  0.1070, -0.0072,
        -0.0210,  0.0257, -0.0437,  0.0008, -0.0077, -0.0592, -0.0575, -0.0052,
        -0.0276, -0.0417, -0.0220, -0.0165, -0.0224, -0.1481,  0.0082,  0.0053,
         0.0008,  0.0625,  0.0806, -0.0717,  0.0166,  0.0245, -0.0289,  0.0418,
         0.0471, -0.0443,  0.0142, -0.0203, -0.0283,  0.0375, -0.0127,  0.0059,
         0.0453, -0.0375,  0.0082, -0.0486,  0.0185, -0.0050,  0.0313,  0.0127],
       device='cuda:0')), ('backbone.first_stage.2.BN3.weight', tensor([ 5.7064e-02,  2.5168e-03,  1.8449e-01,  5.5036e-02,  2.0601e-01,
         2.5632e-02,  4.5791e-02,  2.0288e-02,  6.9774e-02,  1.6023e-01,
         2.8456e-02,  5.9748e-02,  3.4325e-02,  1.8006e-01,  7.8154e-02,
         1.2510e-01,  1.3217e-04,  2.6427e-02,  1.5855e-01,  7.4653e-02,
         1.4278e-01,  1.3945e-01,  1.5645e-01,  5.0834e-02,  2.9489e-02,
         1.1466e-01,  7.1915e-02,  1.9518e-01,  1.8147e-01, -1.5481e-02,
         8.3898e-02,  1.1763e-01,  2.9036e-02,  8.0470e-02,  1.0914e-01,
         5.0904e-02,  2.5324e-01,  1.2096e-01,  6.1904e-02,  1.5310e-01,
         9.6204e-02,  8.7190e-02,  1.2443e-01,  5.2647e-02,  1.1442e-01,
         2.3636e-02,  3.7084e-01, -9.8044e-03,  1.1239e-01, -2.0572e-03,
         2.9016e-02,  5.0449e-02,  1.6838e-01,  1.9402e-01, -1.5918e-03,
         1.1030e-01,  6.3780e-02,  1.4161e-01,  1.0188e-01,  7.0569e-02,
         1.2565e-01,  7.8208e-02,  3.2837e-02,  1.2742e-01], device='cuda:0')), ('backbone.first_stage.2.BN3.bias', tensor([ 0.1076, -0.0312, -0.0743, -0.0029, -0.0628, -0.0627, -0.0197,  0.0480,
        -0.0969,  0.0408, -0.0518,  0.0308,  0.1021, -0.0647, -0.0632, -0.1148,
         0.0067,  0.0899, -0.0032, -0.0111, -0.0128,  0.0093,  0.0150,  0.0180,
         0.0127, -0.0741,  0.0703, -0.0028, -0.0792,  0.0513,  0.1279, -0.0158,
        -0.0043,  0.1263, -0.0634,  0.1009, -0.0273, -0.0535,  0.0708, -0.0387,
        -0.0717,  0.0336, -0.0157, -0.0386,  0.0310,  0.0141, -0.1029, -0.0341,
        -0.0105, -0.0729,  0.0314, -0.0320, -0.0660, -0.0059, -0.0603, -0.0296,
         0.0077,  0.0782, -0.0863, -0.0171,  0.0225,  0.0643,  0.0732, -0.0262],
       device='cuda:0')), ('backbone.first_stage.3.conv1.weight', tensor([[[[-0.0205]],

         [[-0.0228]],

         [[-0.0147]],

         ...,

         [[-0.0169]],

         [[-0.0030]],

         [[ 0.0365]]],


        [[[-0.0085]],

         [[-0.0124]],

         [[-0.0123]],

         ...,

         [[-0.0076]],

         [[ 0.0095]],

         [[-0.0150]]],


        [[[ 0.0020]],

         [[-0.0200]],

         [[-0.0333]],

         ...,

         [[ 0.0376]],

         [[-0.0047]],

         [[-0.0423]]],


        ...,


        [[[-0.0026]],

         [[ 0.0259]],

         [[-0.0234]],

         ...,

         [[-0.0002]],

         [[ 0.0065]],

         [[-0.0056]]],


        [[[-0.0005]],

         [[-0.0216]],

         [[-0.0565]],

         ...,

         [[-0.0016]],

         [[ 0.0443]],

         [[-0.0249]]],


        [[[-0.0356]],

         [[ 0.0368]],

         [[-0.0625]],

         ...,

         [[ 0.0456]],

         [[ 0.0263]],

         [[-0.0307]]]], device='cuda:0')), ('backbone.first_stage.3.conv2.weight', tensor([[[[ 3.7627e-04,  1.6401e-04, -1.3089e-04],
          [ 2.2947e-04,  4.1192e-04, -2.4113e-04],
          [-6.4719e-06,  2.2201e-04, -1.9661e-05]],

         [[-4.6587e-04, -9.3607e-04, -5.8680e-03],
          [ 4.0610e-04,  5.5235e-04, -6.2786e-03],
          [-1.7475e-03, -1.0128e-03, -4.2724e-03]],

         [[ 1.3084e-03,  6.5639e-04, -7.1708e-03],
          [ 3.0862e-03,  1.3162e-03, -8.5155e-03],
          [ 5.2302e-04, -4.4281e-03, -1.8638e-02]],

         ...,

         [[-3.8567e-04, -1.0715e-02, -6.3646e-03],
          [-1.1083e-03, -1.3710e-02, -9.9237e-03],
          [-1.7746e-03, -1.2221e-02, -1.4494e-02]],

         [[-1.2468e-03,  1.0513e-04, -2.3522e-03],
          [-4.3678e-04, -1.0418e-03, -3.5730e-03],
          [-7.3706e-04, -3.2419e-04, -1.9816e-03]],

         [[-2.6053e-03, -1.0381e-03, -4.1900e-03],
          [-4.5881e-04, -1.3384e-04, -4.2476e-03],
          [ 4.6470e-03,  2.0045e-03, -4.0570e-03]]],


        [[[ 3.0025e-03,  5.5032e-03,  4.3443e-03],
          [ 5.4744e-03,  5.9247e-03,  4.9024e-03],
          [ 6.1667e-03,  4.7074e-03,  2.3019e-03]],

         [[-4.6503e-03,  5.3354e-03,  2.2452e-03],
          [-2.9573e-05,  1.0290e-02,  4.6680e-03],
          [-3.4378e-05,  7.4955e-03,  5.2120e-03]],

         [[-2.5435e-02, -1.9312e-02, -2.4033e-02],
          [-2.1990e-02, -1.6990e-02, -2.8948e-02],
          [-1.1137e-02, -1.9205e-02, -1.4246e-02]],

         ...,

         [[ 9.3213e-05, -5.8617e-03, -8.5254e-03],
          [ 6.9576e-04, -4.4993e-03, -9.5918e-03],
          [ 5.3540e-04, -3.7041e-03, -4.4150e-03]],

         [[-1.3606e-02, -2.1832e-02, -1.7021e-02],
          [-1.3061e-02, -1.3554e-02, -1.3986e-02],
          [-1.0453e-02, -9.5394e-03, -1.0127e-02]],

         [[ 6.4973e-03,  1.6851e-02,  1.1385e-02],
          [ 9.0047e-03,  1.2742e-02,  9.6913e-03],
          [ 1.5521e-02,  1.1218e-02,  9.7582e-03]]],


        [[[-3.6584e-04, -2.0112e-03, -3.2015e-03],
          [-1.5613e-03, -2.2033e-03, -2.6286e-03],
          [ 9.1222e-04,  1.9812e-03,  1.3590e-03]],

         [[-2.5651e-02, -5.2939e-03, -2.2247e-02],
          [-1.2578e-02,  2.3786e-03, -1.8762e-02],
          [-1.7388e-02,  1.0310e-02, -5.5093e-03]],

         [[ 1.6472e-02, -2.4703e-03, -7.6081e-03],
          [ 1.2146e-03, -5.7893e-03, -1.4545e-02],
          [-1.0416e-02, -1.7043e-02, -2.1498e-02]],

         ...,

         [[-3.7290e-04, -1.5870e-04,  3.2782e-05],
          [ 5.1070e-05,  4.4876e-04,  2.7134e-04],
          [-5.3777e-05,  3.7460e-04, -2.0104e-03]],

         [[ 5.6309e-04, -5.6552e-04, -5.2212e-03],
          [ 2.3695e-03, -2.2905e-03, -6.7917e-03],
          [-5.4614e-03, -9.0202e-03, -1.2130e-02]],

         [[-1.7876e-02, -2.1017e-02, -2.8896e-02],
          [-1.1559e-02, -1.5615e-02, -2.6379e-02],
          [ 2.1291e-04, -1.7782e-02, -2.2455e-02]]],


        ...,


        [[[ 9.4473e-03,  1.0327e-03,  4.0197e-03],
          [ 8.9756e-03,  3.1912e-04,  1.3559e-03],
          [ 6.4224e-03,  1.7111e-04, -1.4652e-04]],

         [[ 2.7351e-03, -2.3940e-04,  1.9032e-04],
          [ 3.3901e-03,  3.8100e-04, -8.8626e-05],
          [ 5.3133e-03,  1.6505e-04, -4.1539e-04]],

         [[-2.1698e-02, -4.4246e-03,  1.0000e-03],
          [-2.5740e-02, -2.3108e-02, -1.8128e-02],
          [-2.1241e-02, -2.7261e-02, -1.8381e-02]],

         ...,

         [[-1.1100e-02, -1.3027e-02, -3.3193e-03],
          [-1.1377e-02, -1.3142e-02, -1.7092e-02],
          [-1.2930e-02, -1.4424e-02, -1.6443e-02]],

         [[-1.4801e-02, -7.6321e-03, -8.1669e-03],
          [-1.6266e-02, -1.8458e-02, -1.9816e-02],
          [-1.4601e-02, -1.9667e-02, -2.1418e-02]],

         [[-4.0875e-03, -1.0705e-03,  7.1184e-03],
          [-1.2954e-02, -1.2815e-02, -8.0707e-03],
          [-1.2928e-02, -1.7098e-02, -1.0953e-02]]],


        [[[ 4.4596e-04, -2.4702e-03, -8.4343e-03],
          [ 1.7389e-03, -3.4595e-04, -9.6833e-03],
          [ 1.1920e-03, -3.0085e-03, -7.2088e-03]],

         [[ 1.2915e-03,  3.9686e-03,  8.7325e-03],
          [ 1.1348e-03, -9.9768e-04,  3.3675e-03],
          [ 1.2641e-02,  1.0977e-02,  1.3180e-02]],

         [[-5.8952e-03,  3.3734e-03,  2.0269e-02],
          [-6.9818e-03,  5.3911e-03,  2.7915e-02],
          [-7.2530e-03,  4.1156e-03,  1.5963e-02]],

         ...,

         [[ 5.5979e-03,  1.1851e-02,  3.2086e-02],
          [ 2.0092e-03,  1.6375e-02,  1.9878e-02],
          [ 4.6956e-03,  1.2868e-02,  1.9300e-02]],

         [[ 9.5936e-03,  2.2736e-02,  1.9752e-02],
          [ 9.0180e-03,  2.5090e-02,  1.7612e-02],
          [ 6.0751e-03,  1.1230e-02,  2.2322e-03]],

         [[-4.3505e-03, -1.1574e-02, -8.8127e-03],
          [-2.7786e-03, -8.7610e-03, -7.9138e-03],
          [-6.9590e-03, -1.4432e-02, -1.7713e-02]]],


        [[[ 3.2622e-03,  2.0154e-04,  6.9074e-04],
          [ 2.4072e-03,  6.4452e-05, -1.1290e-03],
          [ 1.2928e-03, -1.0092e-04, -5.8213e-04]],

         [[-5.8078e-03,  3.0452e-03, -2.1183e-03],
          [-5.0015e-03,  3.2737e-03,  1.8244e-03],
          [-3.1422e-03,  3.3496e-03,  1.3892e-02]],

         [[-5.8891e-03, -8.4381e-04,  6.1913e-03],
          [-2.5951e-03,  1.9719e-03,  9.2286e-03],
          [ 3.0879e-03,  5.9016e-03,  5.0888e-03]],

         ...,

         [[ 2.3251e-03,  3.4401e-03,  8.9394e-03],
          [ 3.0913e-03,  4.3240e-03,  1.2958e-02],
          [ 4.1392e-03,  1.3844e-03,  7.8123e-03]],

         [[-7.9996e-04,  1.2457e-03,  5.4085e-03],
          [ 6.5843e-03,  5.0477e-03,  9.8962e-03],
          [ 3.4011e-03,  3.8245e-03,  5.9910e-03]],

         [[-1.9802e-03,  1.0464e-03,  5.8827e-03],
          [ 1.5859e-04, -2.3757e-03,  5.6693e-03],
          [-1.0017e-02, -1.2343e-02, -4.1668e-03]]]], device='cuda:0')), ('backbone.first_stage.3.conv3.weight', tensor([[[[-0.0093]],

         [[-0.0602]],

         [[-0.0622]],

         ...,

         [[-0.0430]],

         [[-0.0392]],

         [[ 0.0043]]],


        [[[-0.0110]],

         [[ 0.0395]],

         [[ 0.0177]],

         ...,

         [[-0.0572]],

         [[ 0.0061]],

         [[-0.0004]]],


        [[[ 0.0216]],

         [[-0.0561]],

         [[-0.0264]],

         ...,

         [[ 0.0547]],

         [[ 0.0153]],

         [[-0.0057]]],


        ...,


        [[[-0.0001]],

         [[ 0.0762]],

         [[-0.0170]],

         ...,

         [[ 0.0347]],

         [[ 0.0046]],

         [[-0.0239]]],


        [[[ 0.0125]],

         [[ 0.0064]],

         [[ 0.0177]],

         ...,

         [[ 0.0502]],

         [[-0.0085]],

         [[-0.0779]]],


        [[[ 0.0100]],

         [[-0.0118]],

         [[-0.0016]],

         ...,

         [[ 0.0341]],

         [[ 0.0111]],

         [[-0.0090]]]], device='cuda:0')), ('backbone.first_stage.3.BN1.weight', tensor([ 0.0096,  0.1036,  0.0940,  0.1038,  0.1016,  0.1284,  0.1148,  0.1326,
         0.1232,  0.0009,  0.0415,  0.2573,  0.0066,  0.0405,  0.0530,  0.0711,
         0.0306,  0.0558,  0.0920, -0.0198,  0.1424,  0.0908, -0.0042,  0.0866,
         0.0297, -0.0091,  0.1151,  0.0612,  0.0612, -0.0020,  0.0460,  0.0195,
         0.0462,  0.2365,  0.0633,  0.0010,  0.0595,  0.1580,  0.1190,  0.0020,
         0.0167,  0.1237,  0.1533,  0.0093,  0.0020,  0.0761,  0.0593,  0.0761,
         0.0471, -0.0069,  0.1851,  0.0397,  0.0325,  0.2404,  0.1320,  0.1078,
         0.1083,  0.2788, -0.0033,  0.1096,  0.1147, -0.0065,  0.0389,  0.0903],
       device='cuda:0')), ('backbone.first_stage.3.BN1.bias', tensor([ 0.0161, -0.0294,  0.0461,  0.0218,  0.0247,  0.0022,  0.0262,  0.0304,
        -0.0136,  0.1490,  0.0077, -0.1546, -0.0107, -0.0231,  0.0834, -0.0249,
        -0.0028, -0.0280, -0.0283, -0.0323, -0.0342, -0.0132, -0.0246,  0.0538,
         0.0137, -0.0100, -0.0562,  0.0393,  0.0387, -0.0031,  0.0151,  0.0754,
        -0.0203, -0.0383,  0.2058, -0.0059,  0.0137, -0.0583,  0.0259, -0.0145,
        -0.0147,  0.0073, -0.0344, -0.0147, -0.0077,  0.0057, -0.0177,  0.0045,
        -0.0029,  0.0408, -0.0570, -0.0179, -0.0198,  0.0110,  0.0038,  0.0156,
         0.0633, -0.0453, -0.0110,  0.0263,  0.0362, -0.0156,  0.0077,  0.0955],
       device='cuda:0')), ('backbone.first_stage.3.BN2.weight', tensor([ 2.3594e-02,  1.1103e-01,  9.8232e-02,  1.4457e-01,  1.4699e-01,
         3.7292e-02,  7.9999e-05,  1.7094e-01,  8.5549e-02,  9.7869e-02,
         1.4198e-01,  1.2913e-01,  1.4535e-01,  9.0704e-02,  7.8644e-02,
         1.1874e-01,  8.8972e-02,  1.4080e-01,  8.8342e-02,  8.4685e-02,
         1.1056e-01,  8.4935e-02,  1.1449e-01,  4.6872e-02,  2.5608e-01,
         1.1629e-01,  1.0508e-01,  5.8432e-02,  1.7210e-01,  1.3244e-01,
         1.1022e-01,  9.0103e-02,  2.0531e-02, -2.2903e-03,  4.5550e-02,
         8.9388e-02,  7.9549e-02,  5.6538e-02,  1.3313e-02,  5.5877e-03,
         7.4450e-02,  8.4039e-02,  3.1957e-02,  1.1503e-01,  1.3163e-01,
         8.9408e-02,  1.7916e-01,  1.1952e-01,  1.3561e-01,  2.2248e-01,
         1.6352e-01, -1.7223e-03,  5.8237e-02, -1.6203e-03,  1.4992e-03,
         8.4464e-02, -4.1372e-02,  1.3874e-02,  1.2866e-01,  1.1651e-01,
         6.2020e-02,  3.2778e-02,  9.9752e-02,  1.2188e-01], device='cuda:0')), ('backbone.first_stage.3.BN2.bias', tensor([ 0.0191, -0.0831,  0.0268, -0.0596,  0.0648,  0.0326, -0.0024, -0.0962,
        -0.0337,  0.0030, -0.0608, -0.0257, -0.0661, -0.0148,  0.0061,  0.0654,
         0.0578, -0.0342, -0.0204,  0.0227, -0.0591,  0.0511,  0.0779, -0.0423,
        -0.0507, -0.0425, -0.0162, -0.0536, -0.0401,  0.0388,  0.0183, -0.0342,
        -0.0238, -0.0136, -0.0655, -0.0386, -0.0412,  0.0537, -0.0230, -0.0240,
         0.0297,  0.0254,  0.0172, -0.0517,  0.0161, -0.0330, -0.0314,  0.0110,
        -0.0614, -0.0369, -0.0120, -0.0194, -0.0137, -0.0135,  0.0178,  0.0768,
        -0.0242,  0.0578, -0.0342, -0.0296,  0.0254,  0.0485,  0.0138, -0.0262],
       device='cuda:0')), ('backbone.first_stage.3.BN3.weight', tensor([0.0482, 0.0384, 0.1327, 0.1532, 0.1265, 0.1179, 0.0097, 0.1527, 0.0995,
        0.1050, 0.1571, 0.0818, 0.0765, 0.1616, 0.1292, 0.1393, 0.1030, 0.1945,
        0.1166, 0.1497, 0.1555, 0.1270, 0.1330, 0.1829, 0.1933, 0.1436, 0.1123,
        0.1486, 0.1740, 0.0778, 0.1367, 0.1569, 0.0887, 0.1432, 0.0900, 0.1331,
        0.1195, 0.1932, 0.1827, 0.2363, 0.0835, 0.1438, 0.2315, 0.0679, 0.1441,
        0.0906, 0.1848, 0.1825, 0.1438, 0.2536, 0.0717, 0.1534, 0.1663, 0.1392,
        0.0846, 0.1474, 0.1530, 0.0491, 0.1523, 0.1692, 0.1397, 0.1337, 0.1883,
        0.1134], device='cuda:0')), ('backbone.first_stage.3.BN3.bias', tensor([ 0.1208, -0.0522, -0.0511, -0.0133,  0.0062,  0.1156, -0.0435,  0.0344,
        -0.0822,  0.0335,  0.0202,  0.0555,  0.1129, -0.0044, -0.0258, -0.0543,
        -0.0049,  0.0890, -0.0318, -0.0295,  0.0716,  0.0880,  0.0766,  0.0472,
         0.0100,  0.0035,  0.1086,  0.0397, -0.1131,  0.0525,  0.1189, -0.0053,
        -0.0098,  0.1101, -0.0761,  0.0803, -0.0640, -0.0325,  0.0642,  0.0033,
         0.0605, -0.0707, -0.0558,  0.0843,  0.0707,  0.0103, -0.0764,  0.0846,
        -0.0021,  0.0716,  0.0862,  0.0523, -0.0018,  0.1054, -0.0416,  0.0126,
         0.0687,  0.0988, -0.0179, -0.0144,  0.0264,  0.0963,  0.0700,  0.0532],
       device='cuda:0')), ('backbone.first_stage.4.conv1.weight', tensor([[[[ 0.0288]],

         [[-0.0400]],

         [[ 0.0391]],

         ...,

         [[-0.0414]],

         [[-0.0183]],

         [[-0.0162]]],


        [[[ 0.0209]],

         [[ 0.0285]],

         [[-0.0180]],

         ...,

         [[ 0.0484]],

         [[ 0.0068]],

         [[-0.0456]]],


        [[[ 0.0055]],

         [[-0.0084]],

         [[ 0.0247]],

         ...,

         [[-0.0043]],

         [[ 0.0016]],

         [[-0.0186]]],


        ...,


        [[[-0.0441]],

         [[ 0.0195]],

         [[-0.0354]],

         ...,

         [[ 0.0350]],

         [[-0.0135]],

         [[ 0.0145]]],


        [[[ 0.0112]],

         [[-0.0096]],

         [[ 0.0408]],

         ...,

         [[ 0.0061]],

         [[-0.0121]],

         [[-0.0261]]],


        [[[ 0.0147]],

         [[-0.0501]],

         [[-0.0389]],

         ...,

         [[-0.0385]],

         [[-0.0079]],

         [[ 0.0234]]]], device='cuda:0')), ('backbone.first_stage.4.conv2.weight', tensor([[[[ 1.2516e-04,  2.9388e-04,  1.4485e-04],
          [-4.5921e-03, -3.4040e-03,  1.9700e-04],
          [-1.2406e-02, -1.3335e-02, -4.6440e-03]],

         [[-1.3896e-02, -1.4000e-02, -2.2832e-02],
          [-2.1601e-02, -2.9144e-02, -2.7083e-02],
          [-2.1599e-02, -2.7163e-02, -2.5537e-02]],

         [[-1.0297e-04, -4.4133e-04, -1.0785e-03],
          [-2.0086e-04, -3.0728e-04, -5.8424e-04],
          [-8.1611e-04, -1.2187e-03, -1.5867e-03]],

         ...,

         [[-2.6870e-02, -2.8320e-02, -1.9651e-02],
          [-2.2156e-02, -3.2872e-02, -2.4784e-02],
          [-2.4409e-02, -3.4094e-02, -1.8939e-02]],

         [[ 9.1686e-04,  8.7775e-05,  7.1965e-05],
          [ 4.8888e-04, -1.0885e-04,  9.3043e-06],
          [-1.8244e-04, -7.1256e-04, -6.2547e-04]],

         [[-5.4877e-03, -5.2530e-03, -6.2989e-03],
          [-1.3877e-02, -9.4597e-03, -1.1601e-02],
          [-3.3260e-03, -8.8758e-03, -1.1882e-02]]],


        [[[-3.9626e-02, -4.0907e-02, -4.3654e-02],
          [-1.9843e-02, -3.1711e-02, -3.5368e-02],
          [-2.5296e-02, -2.7378e-02, -3.0132e-02]],

         [[-3.8230e-02, -2.6851e-02, -2.4717e-02],
          [-2.3527e-02, -2.9654e-02, -2.5556e-02],
          [-3.7661e-02, -3.9643e-02, -2.5163e-02]],

         [[ 4.4709e-03,  2.6613e-03,  6.6151e-03],
          [ 4.8235e-03,  2.7845e-03,  6.1348e-03],
          [ 3.0166e-03,  1.4746e-03,  3.2249e-03]],

         ...,

         [[-2.2943e-02, -1.0594e-02, -1.6595e-02],
          [-1.7736e-02, -5.6275e-03, -3.6770e-03],
          [-1.5164e-02, -8.5293e-03, -1.8156e-03]],

         [[ 1.8351e-03,  2.0321e-03,  3.0647e-03],
          [ 2.0129e-03,  3.5252e-03,  5.6138e-03],
          [ 2.9744e-03,  8.2758e-04,  3.8905e-03]],

         [[-4.6179e-03, -9.2082e-03, -7.7093e-03],
          [-3.8337e-03, -1.8242e-02, -4.4266e-03],
          [-8.8900e-03, -1.2949e-02, -1.8644e-03]]],


        [[[-2.2429e-02, -2.6527e-02, -2.7295e-02],
          [-2.4300e-02, -2.8452e-02, -2.9753e-02],
          [-2.4860e-02, -2.9620e-02, -3.0694e-02]],

         [[ 8.5328e-03,  3.2727e-04, -6.5968e-04],
          [ 1.5290e-02,  1.1638e-03, -2.3648e-03],
          [ 8.0623e-03,  2.5001e-04, -7.4723e-03]],

         [[ 3.6095e-04, -4.6105e-04, -7.8581e-04],
          [ 5.3148e-04, -6.2625e-04, -9.8937e-04],
          [-9.4570e-04, -2.1213e-03, -2.9714e-03]],

         ...,

         [[-2.2199e-02, -2.5094e-02, -3.4393e-02],
          [-2.2738e-02, -2.7737e-02, -2.5835e-02],
          [-2.5594e-02, -2.8924e-02, -2.6976e-02]],

         [[ 1.0899e-03,  7.1159e-05,  2.6669e-05],
          [ 5.0939e-04, -1.2639e-03, -3.9794e-04],
          [-1.3538e-03, -3.8297e-03, -1.9476e-03]],

         [[-1.0178e-04, -5.3930e-04,  5.7055e-04],
          [-7.7518e-05, -6.0980e-04,  2.3264e-05],
          [-1.9276e-03, -1.0813e-03,  2.5088e-03]]],


        ...,


        [[[ 2.0134e-02,  1.3518e-02,  2.0216e-02],
          [ 2.7679e-02,  1.2259e-02,  7.4662e-03],
          [ 1.5297e-02,  1.5676e-02,  2.0137e-03]],

         [[ 2.6177e-02,  1.5876e-02,  2.3783e-02],
          [ 1.6032e-02,  4.9935e-03,  9.9978e-03],
          [ 5.8645e-03, -6.9979e-03,  6.8815e-03]],

         [[ 4.6423e-03,  5.9598e-03,  1.5193e-02],
          [ 1.0924e-03,  1.6755e-03,  1.1236e-02],
          [-6.5411e-03,  1.9815e-03,  1.3094e-02]],

         ...,

         [[ 1.0590e-02,  9.7934e-03,  1.3539e-02],
          [ 3.4599e-03,  1.7809e-02,  1.3382e-02],
          [ 2.0263e-03,  8.8108e-03,  9.3987e-03]],

         [[ 1.0685e-03,  6.0987e-03,  2.0870e-02],
          [-6.9544e-03, -3.5490e-03,  9.5046e-03],
          [-1.8839e-02, -2.6146e-03,  6.9984e-03]],

         [[ 2.5730e-03,  6.1479e-03,  1.0856e-02],
          [-8.3733e-04,  1.5722e-03,  6.7677e-03],
          [ 4.0192e-04,  4.7134e-04,  1.2620e-02]]],


        [[[ 6.5044e-04,  4.7625e-04,  5.5266e-04],
          [ 6.8821e-04, -7.9823e-05,  6.3629e-05],
          [ 2.9417e-04, -2.4434e-04, -2.0740e-04]],

         [[ 8.0662e-03,  1.2234e-02,  1.3893e-03],
          [-6.1366e-03, -3.0514e-04, -8.7775e-04],
          [ 8.2817e-03,  8.2198e-03,  1.0349e-02]],

         [[ 5.3601e-03,  3.5084e-03, -2.2491e-03],
          [-1.7003e-03, -4.2245e-03, -1.2452e-02],
          [ 8.9305e-03,  8.0756e-03, -1.5300e-03]],

         ...,

         [[ 4.6025e-03,  5.0142e-03, -1.2664e-02],
          [ 7.0188e-03, -8.6176e-04, -8.1009e-03],
          [-9.9620e-04, -8.1773e-03, -7.6597e-03]],

         [[ 9.8704e-03,  3.1750e-03,  1.3045e-03],
          [-9.3415e-04, -6.1759e-03, -1.1309e-02],
          [ 1.9469e-02,  1.3931e-02,  4.6058e-03]],

         [[ 2.2692e-03,  3.9479e-03,  7.9761e-05],
          [-5.4513e-04,  2.4939e-03, -4.1069e-03],
          [ 3.9259e-03,  3.8568e-03,  4.4227e-04]]],


        [[[-2.3236e-03, -8.6747e-04,  5.2133e-05],
          [-1.9852e-04,  3.5191e-05, -2.9414e-06],
          [ 1.5420e-04,  4.9357e-05, -8.9143e-07]],

         [[-1.4130e-03, -5.0587e-03, -1.0594e-02],
          [-1.6875e-03, -3.3780e-03, -6.6413e-03],
          [ 2.9016e-03,  4.1286e-03,  7.3731e-04]],

         [[ 5.0583e-04,  1.2262e-03, -4.1256e-03],
          [ 3.2110e-03,  2.7909e-03, -1.2988e-03],
          [ 7.1970e-03,  6.2474e-03,  1.9916e-03]],

         ...,

         [[-4.1583e-03, -3.2653e-03, -3.6030e-03],
          [-6.0253e-03, -5.5802e-03, -3.6051e-03],
          [-8.5616e-03, -6.9987e-03, -5.9375e-03]],

         [[ 6.9513e-03,  4.0626e-03, -4.8413e-03],
          [ 8.9484e-03,  5.6006e-03,  1.5835e-03],
          [ 1.2619e-02,  9.7560e-03,  4.6186e-03]],

         [[-2.7854e-04,  1.0758e-03,  6.5056e-04],
          [-3.5178e-04,  1.6685e-03, -8.2371e-04],
          [ 1.5219e-03,  2.3147e-03, -6.3816e-04]]]], device='cuda:0')), ('backbone.first_stage.4.conv3.weight', tensor([[[[-0.0139]],

         [[-0.0011]],

         [[-0.0013]],

         ...,

         [[ 0.0512]],

         [[ 0.0051]],

         [[ 0.0016]]],


        [[[-0.0347]],

         [[-0.0366]],

         [[-0.0222]],

         ...,

         [[-0.0416]],

         [[ 0.0246]],

         [[ 0.0180]]],


        [[[-0.0358]],

         [[-0.0448]],

         [[-0.0396]],

         ...,

         [[-0.0204]],

         [[-0.0361]],

         [[ 0.0158]]],


        ...,


        [[[ 0.0284]],

         [[-0.0203]],

         [[-0.0044]],

         ...,

         [[-0.0006]],

         [[-0.0148]],

         [[-0.0016]]],


        [[[ 0.0521]],

         [[ 0.0215]],

         [[ 0.0295]],

         ...,

         [[ 0.0571]],

         [[-0.0293]],

         [[-0.0113]]],


        [[[-0.0261]],

         [[-0.0296]],

         [[-0.0287]],

         ...,

         [[-0.0832]],

         [[ 0.0656]],

         [[ 0.0153]]]], device='cuda:0')), ('backbone.first_stage.4.BN1.weight', tensor([-2.8724e-04,  3.6821e-02,  1.2602e-02, -2.8633e-03,  5.5164e-03,
        -4.1616e-04, -3.3034e-03,  7.0288e-02,  2.1190e-02,  2.7388e-03,
         1.1330e-01,  3.2203e-02,  9.5646e-02,  3.0383e-02,  1.3138e-02,
         2.6268e-02, -1.4322e-02, -9.5050e-05, -4.5331e-03,  1.6273e-02,
         5.2948e-02, -2.0992e-02,  1.0925e-01,  3.9353e-02,  1.0800e-01,
         2.0280e-03,  1.5844e-02,  1.3134e-01,  2.0837e-02, -3.5164e-04,
         7.0401e-03,  5.9558e-02, -2.3859e-04,  8.3671e-02,  5.7324e-02,
         1.6760e-01,  9.0169e-02,  2.3523e-02, -6.0491e-05,  9.5808e-04,
         5.4398e-02, -1.8569e-03,  1.5524e-01,  5.9064e-02,  1.2290e-01,
        -5.3798e-03,  1.8976e-02,  6.4456e-02,  7.2805e-02,  5.5487e-02,
         1.9476e-01,  7.7266e-03,  1.1592e-01,  2.0314e-01,  1.1407e-01,
         1.0543e-02,  9.9022e-02,  9.9197e-02,  5.0853e-02,  1.0366e-01,
         1.4365e-01,  9.0340e-02,  4.0675e-02,  3.3425e-02], device='cuda:0')), ('backbone.first_stage.4.BN1.bias', tensor([-0.0435,  0.1048,  0.0945, -0.0202, -0.0104, -0.0018, -0.0052, -0.0008,
         0.0335, -0.0193,  0.0415,  0.0239, -0.0054, -0.0379, -0.0295,  0.0052,
        -0.0088, -0.0277, -0.0023,  0.0752,  0.0581,  0.0426,  0.0207, -0.0106,
         0.0236, -0.0116,  0.0140, -0.1296,  0.0829, -0.0036,  0.0312,  0.0073,
        -0.0003,  0.1103, -0.0205,  0.0068,  0.0540, -0.0266, -0.0034, -0.0068,
        -0.0054, -0.0023, -0.0215, -0.0174,  0.0878, -0.0140, -0.0167, -0.0008,
         0.0398, -0.0435, -0.1200, -0.0173, -0.0380,  0.0023, -0.0301, -0.0254,
        -0.0664,  0.0521,  0.0297,  0.0342,  0.0219, -0.0475,  0.1253,  0.0443],
       device='cuda:0')), ('backbone.first_stage.4.BN2.weight', tensor([ 0.0326,  0.0846,  0.0284,  0.0951,  0.1450,  0.1095,  0.0835,  0.1067,
         0.0015,  0.0046,  0.0457,  0.1000,  0.1115,  0.0114,  0.0644, -0.0289,
         0.1066,  0.1206,  0.0301,  0.1207,  0.1172,  0.0002,  0.0292,  0.1972,
         0.1121,  0.0725, -0.0024,  0.0115,  0.0737,  0.1480,  0.1314,  0.1224,
         0.1254, -0.0559, -0.0197,  0.0997,  0.0990,  0.1405,  0.1468,  0.1054,
         0.0980,  0.0506,  0.0956,  0.0726,  0.0011,  0.0840,  0.1144,  0.0922,
         0.0561,  0.0460,  0.0248, -0.0006,  0.1298,  0.1492, -0.0004,  0.0948,
         0.1238,  0.1001,  0.1463,  0.0166,  0.0854,  0.1151,  0.1055,  0.0775],
       device='cuda:0')), ('backbone.first_stage.4.BN2.bias', tensor([-0.0366,  0.0095, -0.0180,  0.0538,  0.0426, -0.0466, -0.0142, -0.0523,
        -0.0107, -0.0056,  0.0079,  0.0250,  0.0445, -0.0435,  0.0617, -0.0201,
         0.0136, -0.0740,  0.0296,  0.0661, -0.0196, -0.0011,  0.0158,  0.0438,
         0.0477, -0.0010, -0.0205, -0.0088,  0.0232,  0.0359,  0.0194, -0.0273,
        -0.0119, -0.0201, -0.0164,  0.0294, -0.0489, -0.0365, -0.0067,  0.0002,
        -0.0230, -0.0217,  0.0382,  0.0258, -0.0065, -0.0202, -0.0013,  0.0042,
         0.0563, -0.0155,  0.0246, -0.0052, -0.0651,  0.0124, -0.0354,  0.0543,
         0.0468,  0.0173,  0.0174, -0.0404,  0.0105,  0.0550,  0.0612,  0.0110],
       device='cuda:0')), ('backbone.first_stage.4.BN3.weight', tensor([ 0.2201,  0.1159,  0.1862,  0.1324,  0.1359,  0.1861,  0.1706,  0.1985,
         0.1342,  0.1311,  0.1206,  0.2461,  0.2586,  0.1166, -0.0584,  0.3562,
         0.0754,  0.1703,  0.2566,  0.2279,  0.2119,  0.1243, -0.2017,  0.2599,
         0.1730, -0.0864,  0.2181,  0.1287,  0.0982,  0.1508,  0.1947,  0.2470,
         0.2007,  0.1386,  0.2308,  0.1734,  0.1509,  0.0866,  0.1321,  0.0379,
         0.1726,  0.2403,  0.1417, -0.0928, -0.0251,  0.1510,  0.2655,  0.2705,
         0.1921,  0.2125,  0.1165,  0.2063,  0.1630,  0.1896,  0.1742,  0.1725,
         0.1015,  0.2355,  0.1278,  0.2162,  0.1637,  0.2357,  0.0466,  0.2055],
       device='cuda:0')), ('backbone.first_stage.4.BN3.bias', tensor([ 0.1162,  0.0847,  0.0587, -0.0105,  0.1152,  0.0988,  0.0083,  0.0629,
         0.0031,  0.0845,  0.0475,  0.0660,  0.1093,  0.0041,  0.0153,  0.0425,
        -0.0680,  0.1044,  0.1077,  0.1590,  0.0529,  0.1182,  0.0519,  0.1008,
         0.0458, -0.0056,  0.0965,  0.0161,  0.0166,  0.0611,  0.1230, -0.0030,
         0.0378,  0.0897,  0.0565,  0.0455, -0.0385,  0.0961,  0.0749,  0.0118,
         0.0930,  0.0862,  0.0035,  0.1108,  0.0121,  0.0600,  0.1103,  0.0820,
        -0.0460,  0.1170,  0.0586,  0.1684, -0.0110,  0.0979,  0.0451,  0.0732,
         0.0600,  0.0925, -0.0071,  0.1443,  0.0836,  0.1261,  0.0446,  0.0347],
       device='cuda:0')), ('to_heat.weight', tensor([[[[ 9.2137e-03]],

         [[-3.8139e-03]],

         [[ 6.6192e-03]],

         [[-3.7881e-03]],

         [[-1.9717e-03]],

         [[-4.8009e-03]],

         [[ 3.9342e-04]],

         [[-2.7858e-03]],

         [[-4.6006e-04]],

         [[ 1.6449e-02]],

         [[ 1.1012e-02]],

         [[-3.3251e-03]],

         [[-2.9918e-03]],

         [[-8.9322e-04]],

         [[-4.4526e-04]],

         [[ 8.2487e-04]],

         [[-4.2467e-03]],

         [[ 1.9541e-04]],

         [[ 8.0408e-03]],

         [[ 1.8437e-03]],

         [[-7.3764e-04]],

         [[-1.4630e-03]],

         [[-5.4453e-03]],

         [[ 2.3335e-03]],

         [[ 4.8606e-03]],

         [[ 4.6153e-04]],

         [[ 8.7709e-04]],

         [[-5.7523e-03]],

         [[ 7.8414e-03]],

         [[-3.5092e-04]],

         [[ 2.7470e-03]],

         [[ 6.3620e-04]]],


        [[[ 1.1246e-02]],

         [[-3.5558e-03]],

         [[ 2.0977e-03]],

         [[-2.5564e-03]],

         [[-3.1460e-03]],

         [[-4.3578e-03]],

         [[ 5.1298e-04]],

         [[-3.1988e-03]],

         [[-1.6062e-03]],

         [[ 1.7206e-02]],

         [[ 1.3522e-02]],

         [[-1.2892e-03]],

         [[-1.9131e-03]],

         [[-1.6516e-03]],

         [[ 2.5629e-04]],

         [[ 7.5276e-04]],

         [[-5.3071e-03]],

         [[ 5.6235e-05]],

         [[ 8.2799e-03]],

         [[ 6.2734e-04]],

         [[-8.4574e-04]],

         [[-1.9378e-03]],

         [[-5.6287e-03]],

         [[ 2.3035e-03]],

         [[ 1.3418e-03]],

         [[ 3.2435e-03]],

         [[ 4.3674e-04]],

         [[-5.3383e-03]],

         [[ 8.8968e-03]],

         [[-2.4278e-05]],

         [[ 1.3253e-03]],

         [[-1.0528e-03]]],


        [[[ 7.4127e-03]],

         [[-4.6538e-03]],

         [[ 7.0343e-03]],

         [[-4.4958e-03]],

         [[ 4.7046e-05]],

         [[-5.2843e-03]],

         [[ 1.3173e-05]],

         [[-4.5203e-03]],

         [[-1.4720e-03]],

         [[ 1.5236e-02]],

         [[ 1.1951e-02]],

         [[-3.1006e-03]],

         [[-1.8974e-03]],

         [[-3.7353e-04]],

         [[-2.3480e-03]],

         [[ 9.9141e-04]],

         [[-4.8950e-03]],

         [[-7.1787e-04]],

         [[ 8.2178e-03]],

         [[ 1.8423e-03]],

         [[ 7.4493e-04]],

         [[-1.4392e-03]],

         [[-5.7237e-03]],

         [[ 4.2211e-03]],

         [[ 6.4561e-03]],

         [[-1.7183e-03]],

         [[ 4.6691e-04]],

         [[-5.6969e-03]],

         [[ 7.5917e-03]],

         [[-4.0630e-04]],

         [[-2.3451e-04]],

         [[ 3.2132e-03]]],


        [[[ 1.4471e-02]],

         [[-2.6078e-03]],

         [[-1.6118e-03]],

         [[-2.0038e-03]],

         [[-5.9355e-03]],

         [[-3.8370e-03]],

         [[ 1.3370e-03]],

         [[-1.9373e-03]],

         [[-9.9635e-04]],

         [[ 1.9233e-02]],

         [[ 1.4578e-02]],

         [[-1.1533e-03]],

         [[-2.6553e-03]],

         [[-1.8886e-03]],

         [[ 2.8095e-03]],

         [[ 2.0194e-04]],

         [[-3.5789e-03]],

         [[ 1.7945e-03]],

         [[ 6.4669e-03]],

         [[-1.6375e-04]],

         [[-2.2857e-03]],

         [[-2.8679e-03]],

         [[-5.5315e-03]],

         [[-5.0800e-04]],

         [[-1.3912e-03]],

         [[ 6.3510e-03]],

         [[ 1.5541e-04]],

         [[-4.5962e-03]],

         [[ 8.4286e-03]],

         [[ 4.8962e-04]],

         [[ 3.1165e-03]],

         [[-4.7042e-03]]],


        [[[ 4.9734e-03]],

         [[-5.4011e-03]],

         [[ 1.0792e-02]],

         [[-6.2032e-03]],

         [[ 2.8493e-03]],

         [[-6.0439e-03]],

         [[-4.7213e-04]],

         [[-5.3185e-03]],

         [[-5.2215e-04]],

         [[ 1.3026e-02]],

         [[ 1.0679e-02]],

         [[-5.0719e-03]],

         [[-2.3525e-03]],

         [[ 1.1351e-03]],

         [[-4.0830e-03]],

         [[ 8.7453e-04]],

         [[-3.1512e-03]],

         [[-3.9045e-05]],

         [[ 7.0495e-03]],

         [[ 1.9422e-03]],

         [[ 2.0914e-03]],

         [[-1.7075e-03]],

         [[-5.7441e-03]],

         [[ 3.9876e-03]],

         [[ 1.0771e-02]],

         [[-6.0244e-03]],

         [[-9.4762e-05]],

         [[-5.8623e-03]],

         [[ 5.9980e-03]],

         [[-7.1170e-04]],

         [[-7.5788e-04]],

         [[ 7.0952e-03]]],


        [[[ 1.9405e-02]],

         [[ 2.6022e-03]],

         [[-1.2067e-03]],

         [[-4.1424e-03]],

         [[-1.0904e-02]],

         [[ 5.1637e-04]],

         [[ 8.5193e-04]],

         [[ 2.1586e-03]],

         [[ 7.6293e-04]],

         [[ 1.4311e-02]],

         [[ 1.3706e-02]],

         [[-3.2468e-03]],

         [[-6.8406e-03]],

         [[-5.2101e-04]],

         [[ 8.5160e-03]],

         [[ 3.6288e-04]],

         [[ 5.2228e-03]],

         [[ 5.3737e-03]],

         [[-2.4466e-03]],

         [[ 1.5221e-04]],

         [[-5.4270e-03]],

         [[-1.9771e-03]],

         [[-4.7677e-03]],

         [[-9.1937e-03]],

         [[ 4.0518e-03]],

         [[ 1.8694e-03]],

         [[ 2.4857e-03]],

         [[-6.2700e-03]],

         [[ 5.2585e-03]],

         [[ 4.6932e-03]],

         [[ 1.2349e-02]],

         [[-1.1265e-02]]],


        [[[ 3.7678e-03]],

         [[-7.0789e-03]],

         [[ 2.1287e-02]],

         [[-8.1854e-03]],

         [[ 8.6264e-03]],

         [[-5.0996e-03]],

         [[-1.0744e-03]],

         [[ 2.8717e-03]],

         [[ 6.8741e-03]],

         [[ 3.9790e-03]],

         [[ 6.6411e-03]],

         [[-5.0259e-03]],

         [[-6.1751e-03]],

         [[ 5.3633e-03]],

         [[-4.0832e-03]],

         [[ 3.1180e-03]],

         [[ 2.5908e-03]],

         [[ 2.5461e-03]],

         [[ 1.4430e-03]],

         [[-7.2196e-04]],

         [[ 2.7092e-03]],

         [[-4.2659e-03]],

         [[-5.2314e-03]],

         [[-2.0856e-03]],

         [[ 1.2209e-02]],

         [[-9.6909e-03]],

         [[-1.1792e-03]],

         [[-7.1133e-03]],

         [[ 2.7742e-03]],

         [[ 5.6280e-05]],

         [[ 5.7856e-03]],

         [[ 4.7780e-03]]],


        [[[ 1.4525e-02]],

         [[ 6.0835e-03]],

         [[-5.0078e-03]],

         [[ 1.1060e-03]],

         [[-1.4020e-02]],

         [[ 1.5154e-03]],

         [[ 3.8651e-04]],

         [[ 2.5483e-03]],

         [[-4.8701e-03]],

         [[ 3.1205e-03]],

         [[ 1.0359e-02]],

         [[-2.8793e-04]],

         [[-7.6942e-03]],

         [[-5.9095e-03]],

         [[ 1.4664e-02]],

         [[-1.7601e-04]],

         [[ 3.4059e-03]],

         [[ 5.9845e-03]],

         [[-6.4678e-03]],

         [[ 1.0549e-03]],

         [[-3.7566e-03]],

         [[ 9.0360e-03]],

         [[-1.8838e-03]],

         [[-4.3731e-03]],

         [[ 1.3255e-02]],

         [[-1.8248e-03]],

         [[-3.4936e-04]],

         [[-5.9399e-03]],

         [[-6.9585e-04]],

         [[ 1.4600e-02]],

         [[ 1.1770e-02]],

         [[-1.1016e-02]]],


        [[[ 6.0177e-03]],

         [[-1.0002e-02]],

         [[ 2.6865e-02]],

         [[ 9.6881e-04]],

         [[ 1.6627e-02]],

         [[-3.5472e-03]],

         [[ 2.7645e-03]],

         [[ 1.8202e-02]],

         [[ 5.0640e-03]],

         [[-2.9433e-03]],

         [[ 1.2279e-03]],

         [[ 2.2741e-03]],

         [[-5.8295e-03]],

         [[ 4.4259e-03]],

         [[-6.4052e-03]],

         [[ 8.5874e-03]],

         [[-2.7343e-04]],

         [[-3.0278e-03]],

         [[-7.5434e-03]],

         [[-4.8373e-03]],

         [[ 3.4234e-03]],

         [[-1.6426e-03]],

         [[-4.8898e-03]],

         [[-7.2388e-03]],

         [[ 5.7376e-03]],

         [[-4.9746e-03]],

         [[-3.6627e-03]],

         [[-4.2522e-03]],

         [[-5.1359e-04]],

         [[-6.0586e-05]],

         [[-3.0198e-03]],

         [[ 3.2582e-03]]],


        [[[ 1.0954e-02]],

         [[ 3.8098e-03]],

         [[-2.8983e-03]],

         [[ 8.0799e-04]],

         [[-1.4194e-02]],

         [[-1.6002e-03]],

         [[ 2.7390e-03]],

         [[ 2.5470e-03]],

         [[-4.0596e-03]],

         [[ 1.8173e-04]],

         [[ 7.8328e-03]],

         [[ 3.4445e-05]],

         [[-6.7195e-03]],

         [[-3.4949e-03]],

         [[ 1.5358e-02]],

         [[-3.1983e-03]],

         [[-4.4944e-04]],

         [[ 2.2023e-03]],

         [[-5.2462e-03]],

         [[ 3.3030e-03]],

         [[ 1.1301e-03]],

         [[ 1.8028e-02]],

         [[ 2.5671e-03]],

         [[ 5.2610e-04]],

         [[ 9.0312e-03]],

         [[-3.7704e-03]],

         [[-5.2141e-03]],

         [[-2.0750e-03]],

         [[-7.7347e-04]],

         [[ 1.1063e-02]],

         [[ 8.4997e-03]],

         [[-1.0921e-02]]],


        [[[ 8.3113e-03]],

         [[-6.9789e-03]],

         [[ 2.2595e-02]],

         [[ 5.0225e-03]],

         [[ 9.8498e-03]],

         [[-3.7179e-03]],

         [[ 3.6234e-03]],

         [[ 1.4990e-02]],

         [[ 2.1718e-03]],

         [[-4.0963e-03]],

         [[ 1.1713e-03]],

         [[ 3.9756e-03]],

         [[-7.5007e-03]],

         [[ 3.8998e-03]],

         [[-4.3351e-03]],

         [[ 7.6931e-03]],

         [[-1.8977e-04]],

         [[-2.1959e-03]],

         [[-8.1457e-03]],

         [[-6.9185e-03]],

         [[ 4.9400e-03]],

         [[ 1.4959e-03]],

         [[-2.7622e-03]],

         [[-4.1475e-03]],

         [[ 6.1455e-03]],

         [[-4.6244e-03]],

         [[-3.9998e-03]],

         [[-3.2420e-03]],

         [[ 8.4122e-04]],

         [[ 2.4568e-03]],

         [[-1.4100e-04]],

         [[ 1.7799e-03]]],


        [[[ 1.8078e-03]],

         [[-8.0288e-04]],

         [[-3.0905e-03]],

         [[ 9.2336e-03]],

         [[-8.6222e-03]],

         [[-4.1965e-03]],

         [[ 4.7638e-03]],

         [[ 1.0488e-03]],

         [[-3.3628e-03]],

         [[-1.6650e-03]],

         [[ 3.9099e-04]],

         [[ 8.9849e-04]],

         [[-7.4265e-03]],

         [[-3.4029e-06]],

         [[ 1.7287e-02]],

         [[ 1.1119e-03]],

         [[-5.8715e-03]],

         [[-6.8387e-04]],

         [[-1.7264e-03]],

         [[ 5.9859e-03]],

         [[ 3.6104e-03]],

         [[ 1.7781e-02]],

         [[ 7.8035e-03]],

         [[ 1.5974e-03]],

         [[ 4.6645e-03]],

         [[-7.1119e-03]],

         [[-7.0014e-03]],

         [[-2.1500e-04]],

         [[ 1.1069e-03]],

         [[ 9.1436e-03]],

         [[ 3.4026e-03]],

         [[-3.7768e-03]]],


        [[[ 1.5246e-03]],

         [[-9.0846e-03]],

         [[ 8.2514e-03]],

         [[ 8.3506e-03]],

         [[ 2.3232e-03]],

         [[-9.2192e-04]],

         [[ 7.2147e-03]],

         [[ 1.2129e-02]],

         [[ 5.1831e-03]],

         [[-1.9699e-03]],

         [[-7.6404e-03]],

         [[ 3.9875e-03]],

         [[-5.2899e-03]],

         [[ 5.1313e-03]],

         [[ 4.3934e-03]],

         [[ 7.0559e-03]],

         [[-8.5165e-03]],

         [[-6.6669e-03]],

         [[-2.6870e-03]],

         [[ 5.5251e-04]],

         [[ 4.9681e-03]],

         [[ 1.1820e-02]],

         [[ 6.0107e-03]],

         [[-3.2034e-03]],

         [[-1.5854e-03]],

         [[-6.1738e-03]],

         [[-7.1924e-03]],

         [[ 1.8545e-03]],

         [[ 2.5329e-03]],

         [[ 6.6990e-03]],

         [[-3.7504e-03]],

         [[ 9.8548e-04]]],


        [[[-7.6198e-03]],

         [[ 7.0319e-04]],

         [[-5.1189e-03]],

         [[ 6.9768e-03]],

         [[-7.9754e-03]],

         [[-3.7922e-03]],

         [[-4.9387e-04]],

         [[-6.1941e-03]],

         [[-2.1110e-04]],

         [[-6.3856e-03]],

         [[-5.8000e-03]],

         [[ 1.1767e-03]],

         [[ 3.6252e-03]],

         [[ 7.2035e-03]],

         [[ 3.8454e-03]],

         [[ 2.6943e-04]],

         [[-6.3594e-03]],

         [[-8.9953e-04]],

         [[-3.2835e-03]],

         [[ 2.0741e-02]],

         [[-3.7651e-03]],

         [[ 8.0301e-03]],

         [[ 4.1375e-03]],

         [[ 3.6883e-03]],

         [[-5.3403e-03]],

         [[ 4.5265e-03]],

         [[-2.1440e-03]],

         [[ 1.0214e-03]],

         [[ 5.9649e-03]],

         [[ 7.9410e-04]],

         [[ 4.9589e-03]],

         [[-5.5946e-03]]],


        [[[-8.1226e-03]],

         [[-1.2562e-02]],

         [[ 1.7731e-03]],

         [[ 5.0289e-03]],

         [[ 4.1675e-03]],

         [[ 8.4317e-04]],

         [[ 1.3887e-03]],

         [[ 1.3546e-04]],

         [[ 9.3630e-03]],

         [[-5.1525e-03]],

         [[-1.1313e-02]],

         [[ 4.4834e-03]],

         [[ 3.0831e-03]],

         [[ 1.0069e-02]],

         [[-4.1745e-03]],

         [[ 3.8912e-03]],

         [[-7.7965e-03]],

         [[-6.1097e-03]],

         [[-4.8345e-03]],

         [[ 1.6387e-02]],

         [[-8.3565e-04]],

         [[ 3.0246e-03]],

         [[ 2.2190e-03]],

         [[ 1.0381e-03]],

         [[-5.8319e-03]],

         [[ 4.2378e-03]],

         [[ 6.9762e-04]],

         [[ 2.3094e-03]],

         [[ 4.7733e-03]],

         [[ 1.9237e-03]],

         [[-2.1566e-03]],

         [[-1.6989e-03]]],


        [[[-7.9869e-03]],

         [[ 4.0739e-03]],

         [[-2.0008e-03]],

         [[ 2.8336e-03]],

         [[-1.2839e-02]],

         [[-2.5887e-03]],

         [[-7.2068e-03]],

         [[-1.0242e-03]],

         [[ 2.4753e-03]],

         [[-9.4143e-03]],

         [[-8.6492e-03]],

         [[-4.2865e-04]],

         [[ 6.0055e-03]],

         [[ 2.8662e-03]],

         [[-6.5524e-03]],

         [[ 2.7013e-03]],

         [[-6.7390e-03]],

         [[-2.6688e-03]],

         [[-3.4187e-03]],

         [[ 7.3644e-03]],

         [[-5.0335e-03]],

         [[-1.4723e-03]],

         [[-1.4290e-03]],

         [[ 3.7844e-03]],

         [[-6.3762e-03]],

         [[ 6.1677e-03]],

         [[ 1.3950e-02]],

         [[ 1.5702e-02]],

         [[ 5.1117e-03]],

         [[-6.7667e-05]],

         [[ 2.1511e-03]],

         [[-3.6639e-04]]],


        [[[-8.6461e-03]],

         [[ 9.1355e-04]],

         [[-8.9926e-04]],

         [[ 1.1449e-03]],

         [[-9.5696e-03]],

         [[-7.2058e-04]],

         [[-6.1198e-03]],

         [[-1.1134e-03]],

         [[ 5.7000e-03]],

         [[-1.0128e-02]],

         [[-8.6076e-03]],

         [[ 3.1421e-03]],

         [[ 5.0239e-03]],

         [[ 1.8659e-03]],

         [[-8.0505e-03]],

         [[ 4.8321e-03]],

         [[-7.2132e-03]],

         [[-6.2426e-03]],

         [[-4.9132e-03]],

         [[ 4.6172e-03]],

         [[-1.9961e-03]],

         [[-8.6682e-04]],

         [[ 4.3501e-04]],

         [[ 3.9447e-03]],

         [[-6.3183e-03]],

         [[ 6.6906e-03]],

         [[ 1.2149e-02]],

         [[ 1.4747e-02]],

         [[ 3.7978e-03]],

         [[-1.5516e-03]],

         [[ 7.9419e-04]],

         [[ 1.6613e-03]]]], device='cuda:0')), ('to_heat.bias', tensor([0.0236, 0.0258, 0.0297, 0.0279, 0.0372, 0.0274, 0.0354, 0.0231, 0.0356,
        0.0270, 0.0169, 0.0258, 0.0271, 0.0811, 0.0824, 0.0925, 0.0993],
       device='cuda:0'))])